100	212115153.666667
150	215212285.333333
200	218816394.333333
250	215334681.666667
300	216313410.000000
350	219051360.333333
400	221847272.166667
450	173522834.000000
500	198358550.500000
550	221257033.666667
600	222050597.166667
650	225456528.333333
700	179071212.166667
750	179852439.666667
800	178072579.833333
850	186931668.333333
900	185164579.333333
950	234268483.833333
1000	217654442.833333
1100	220363555.000000
1200	203082800.833333
1300	255323160.333333
1400	261014629.833333
1500	291190514.166667
1600	296690018.500000
1700	318274549.333333
1800	316944369.666667
1900	324525620.000000
2000	314386542.333333
2100	366363296.500000
2200	386962423.333333
2300	395410998.166667
2400	414403050.166667
2500	445956706.000000
2600	470684705.500000
2700	482088956.166667
2800	491468146.333333
2900	557028953.000000
3000	566718206.500000
3100	585036926.166667
3200	598874301.333333
3300	635264656.833333
3400	684806253.333333
3500	715480447.333333
