100	215568809.333333
150	215768205.500000
200	215438780.333333
250	220482176.333333
300	220086481.000000
350	222189986.500000
400	220193083.500000
450	222391423.666667
500	221169314.500000
550	223242053.166667
600	222719381.333333
650	229784868.666667
700	199324405.166667
750	186087139.000000
800	236156287.833333
850	241124791.833333
900	236744530.000000
950	239795486.666667
1000	210451731.500000
1100	237441639.166667
1200	258237806.666667
1300	274231901.000000
1400	283277415.166667
1500	287209280.500000
1600	291861315.500000
1700	322995997.500000
1800	328810039.500000
1900	344283250.000000
2000	328436765.000000
2100	299231290.833333
2200	388730586.333333
2300	399230872.333333
2400	437154717.666667
2500	451288047.000000
2600	470004171.500000
2700	506859435.833333
2800	523751882.666667
2900	575259718.500000
3000	589496534.666667
3100	619390619.000000
3200	657543749.166667
3300	696718980.833333
3400	734261050.000000
3500	702680849.833333
