100	244446465.166667
150	240376106.666667
200	245845007.333333
250	273006211.666667
300	257514801.333333
350	270691726.833333
400	274165890.333333
450	283403955.333333
500	323129399.500000
550	315470827.000000
600	338079878.833333
650	373103906.500000
700	399518335.000000
750	465271338.000000
800	444656072.000000
850	517865141.333333
900	574670396.000000
950	631787856.166667
1000	708449218.000000
1100	818948168.166667
1200	936989250.166667
1300	1226107227.666667
1400	1477297807.666667
1500	1702966889.833333
1600	1786449565.833333
1700	2389315463.833333
1800	2736554525.833333
1900	3298560622.500000
2000	3325789466.833333
2100	4162648234.500000
2200	4737047981.333333
2300	5585061129.833333
2400	5414799846.833333
2500	6859619465.166667
