100	226219393.666667
150	223623192.333333
200	220054965.000000
250	254920327.666667
300	225105403.333333
350	252002195.666667
400	244725383.000000
450	241634915.833333
500	265875147.500000
550	465680009.333333
600	569769403.500000
650	716191688.666667
700	869981513.500000
750	937008338.166667
800	986483228.500000
850	1096942511.833333
900	1214948161.500000
950	1313140896.333333
1000	1431808127.833333
1100	1779629345.833333
1200	2154273271.166667
1300	2669538363.666667
1400	3128117304.833333
1500	3960711365.000000
1600	4624597663.166667
1700	5271734825.500000
1800	5943707259.166667
1900	7162010311.500000
2000	8041578007.833333
2100	9249691797.833334
2200	9903465349.500000
2300	12082395029.333334
2400	13238484141.000000
2500	15373517436.666666
2600	16436596887.000000
2700	19275808293.166668
2800	21030915955.500000
2900	23935093880.166668
3000	25308250029.166668
3100	29070084167.833332
3200	30629895762.000000
3300	33131327161.000000
3400	35710544093.500000
3500	40411244477.333336
