100	176004690.833333
150	225766192.166667
200	231756800.000000
250	230801997.000000
300	234470090.000000
350	237865435.666667
400	229080135.833333
450	207893657.000000
500	254323288.000000
550	291482616.833333
600	349318152.833333
650	368181745.500000
700	442289485.666667
750	509780117.333333
800	502287528.666667
850	608729846.333333
900	665719967.500000
950	774030547.666667
1000	805609366.000000
1100	1006407426.500000
1200	1079826340.166667
1300	1498706029.333333
1400	1772574590.666667
1500	2135451307.166667
1600	2197053127.666667
1700	3059054218.166667
1800	3511106764.500000
1900	4204489111.333333
2000	4052965261.833333
2100	5711176841.166667
2200	6283917278.333333
2300	7445486902.833333
2400	6797507009.833333
2500	9163835516.166666
2600	10017227764.000000
2700	11496675478.666666
2800	10505869872.166666
2900	14231702412.833334
3000	15509705231.666666
3100	17089940959.000000
3200	15779513511.000000
3300	20558385910.833332
3400	21878404981.000000
3500	24746934601.666668
