100	229921008.333333
150	229866492.000000
200	227930674.166667
250	201795074.166667
300	195822295.833333
350	199864785.500000
400	243496948.666667
450	234597775.500000
500	257434722.166667
550	313930188.500000
600	336736378.833333
650	369262328.500000
700	359401567.166667
750	449840610.166667
800	378251133.666667
850	537855988.000000
900	590350483.833333
950	640095631.333333
1000	657008178.166667
1100	842513050.000000
1200	892061226.166667
1300	1227919262.833333
1400	1376987864.166667
1500	1772459949.500000
1600	1720472831.500000
1700	2367000786.000000
1800	2593435835.000000
1900	3256265895.000000
2000	3110235118.333333
2100	4221317575.166667
2200	4506418465.666667
2300	5559537274.666667
2400	5159883044.000000
2500	6985089761.833333
2600	7261549557.833333
2700	8468219410.500000
2800	8131918980.333333
2900	10558084222.000000
3000	10857227400.666666
3100	12927700918.666666
3200	11758058619.666666
3300	15384765307.500000
3400	15551527517.000000
3500	18334646737.333332
