100	190378633.666667
150	201531058.833333
200	205423589.333333
250	264046957.166667
300	256817834.833333
350	267291695.166667
400	279448116.000000
450	250046407.166667
500	286952537.000000
550	382829822.666667
600	431976519.166667
650	510125929.500000
700	629250956.166667
750	672552967.666667
800	624478808.500000
850	837998666.166667
900	943883811.333333
950	1006588565.833333
1000	1121981095.666667
1100	1307653461.833333
1200	1241683641.000000
1300	1788690828.833333
1400	2190395694.166667
1500	2543843549.000000
1600	2516070928.833333
1700	3587163820.833333
1800	4123880554.500000
1900	4822748566.333333
2000	4471208111.166667
2100	6207349855.833333
2200	7014367202.166667
2300	8420341476.500000
2400	7320223811.666667
2500	9771460408.000000
2600	10795021453.833334
2700	12573058362.000000
2800	11373537450.833334
2900	14737480906.000000
3000	16494084737.000000
3100	18685989343.500000
3200	17256377160.000000
3300	21963396750.833332
3400	23824174794.666668
3500	26308042411.000000
