100	176858239.166667
150	181235150.000000
200	179463637.666667
250	187810626.833333
300	229648812.833333
350	233100517.666667
400	235739780.333333
450	222628793.000000
500	210126685.333333
550	257099906.000000
600	291282280.666667
650	293498904.333333
700	321918300.333333
750	392713539.666667
800	400313729.500000
850	451407919.000000
900	476250613.833333
950	564618188.333333
1000	583689743.833333
1100	740125335.166667
1200	854374841.000000
1300	1041032024.000000
1400	1248802708.500000
1500	1504504868.666667
1600	1665230080.333333
1700	2061066976.833333
1800	2400949368.333333
1900	2760833496.500000
2000	2984926607.000000
2100	3576735364.833333
2200	4036217055.166667
2300	4662712157.000000
2400	5001912455.500000
2500	5939362590.000000
2600	6674088948.500000
2700	7404398851.500000
2800	7877754671.666667
2900	9187563804.333334
3000	9803134885.500000
3100	11309100904.333334
3200	11553916708.000000
3300	13376737497.166666
3400	14393053276.000000
3500	16051552240.666666
