100	179835644.333333
150	206458556.666667
200	225684331.666667
250	236980983.000000
300	235862686.333333
350	246145592.333333
400	243868189.500000
450	242274145.166667
500	237847316.000000
550	377587109.666667
600	378189490.666667
650	434847331.333333
700	604241229.666667
750	626640888.333333
800	727831388.333333
850	787397627.666667
900	912617310.500000
950	1002950321.000000
1000	1107350236.500000
1100	1400361311.000000
1200	1701191378.000000
1300	2125597000.500000
1400	2547685643.333333
1500	3362742750.833333
1600	3690935019.333333
1700	4538096984.166667
1800	5069731906.500000
1900	6231676268.333333
2000	7000815144.833333
2100	7987400457.666667
2200	9141518540.000000
2300	11012060728.666666
2400	12435656172.500000
2500	14233044869.833334
2600	14685374988.333334
2700	17636122898.500000
2800	18859593672.500000
2900	21616428911.833332
3000	22829074001.166668
3100	26227166740.500000
3200	28453293379.500000
3300	31414128234.666668
3400	32803036620.333332
3500	37472638902.500000
