100	177696768.833333
150	188368292.333333
200	220714709.333333
250	228241814.333333
300	235588544.333333
350	238457770.166667
400	237410343.000000
450	242423539.166667
500	239092952.333333
550	230373038.666667
600	269677852.333333
650	334793648.500000
700	331944954.000000
750	393984675.666667
800	361754231.166667
850	441796510.833333
900	483990964.333333
950	540581978.333333
1000	585705970.833333
1100	701791274.166667
1200	821180354.333333
1300	1017248228.000000
1400	1199982161.333333
1500	1388514213.833333
1600	1556302684.000000
1700	1930338508.666667
1800	2142971294.833333
1900	2576051597.166667
2000	2784110433.333333
2100	3326157876.500000
2200	3821554262.333333
2300	4344836647.500000
2400	4596277510.166667
2500	5435171124.666667
2600	6025640943.833333
2700	6784094831.166667
2800	7266259305.500000
2900	8271108102.000000
3000	9204885669.166666
3100	10233780715.166666
3200	10572251271.500000
3300	12221237441.500000
3400	13152297830.000000
3500	14630677188.000000
