100.0	3.344628006737396	inf	inf	inf	inf
150.0	3.181278995748947	inf	inf	inf	inf
200.0	3.0596511582072106	inf	inf	inf	inf
250.0	3.0114869060474057	inf	inf	inf	inf
300.0	2.9873517111678054	inf	inf	inf	inf
337.4649261272813	3.022825588422779	inf	inf	3.022825588422779	inf
350.0	inf	inf	inf	3.0131095831707166	inf
355.926957399695	inf	3.015704231222599	inf	3.015704231222599	inf
400.0	inf	2.996563555295673	inf	inf	inf
450.0	inf	2.967624058963941	inf	inf	inf
500.0	inf	2.9649470235992834	inf	inf	inf
550.0	inf	2.986494368630031	inf	inf	inf
600.0	inf	2.964919362137316	inf	inf	inf
650.0	inf	2.96557588348677	inf	inf	inf
670.7599130195593	inf	2.9605546516289025	inf	2.9605546516289025	inf
700.0	inf	inf	inf	2.9436697040370725	inf
750.0	inf	inf	inf	2.9417131284324656	inf
781.9573437457385	inf	2.992779374269922	inf	2.992779374269922	inf
783.520504365482	inf	2.994981363184916	inf	inf	2.994981363184916
800.0	inf	inf	inf	inf	3.003206125448994
844.1248410982312	inf	inf	3.0070880376909495	inf	3.0070880376909495
850.0	inf	inf	3.006095302456891	inf	inf
900.0	inf	inf	2.9949768971907798	inf	inf
950.0	inf	inf	2.9696492951773434	inf	inf
1000.0	inf	inf	2.970580703094796	inf	inf
1087.13050821233	inf	inf	2.9896927757596568	2.9896927757596568	inf
1100.0	inf	inf	inf	2.987786369929966	inf
1125.5308951505685	inf	inf	2.9899705536541363	2.9899705536541363	inf
1200.0	inf	inf	2.9825468173950784	inf	inf
1300.0	inf	inf	2.988881002564041	inf	inf
1400.0	inf	inf	2.981465440808628	inf	inf
1411.5846524853102	inf	inf	2.98143508543783	2.98143508543783	inf
1500.0	inf	inf	inf	2.975636169495907	inf
1572.9603406821002	inf	inf	2.97871612241039	2.97871612241039	inf
1600.0	inf	inf	2.9777943146780093	inf	inf
1700.0	inf	inf	2.974584141010309	inf	inf
1800.0	inf	inf	2.971345400017581	inf	inf
1900.0	inf	inf	2.968443204958239	inf	inf
2000.0	inf	inf	2.965824115129719	inf	inf
2100.0	inf	inf	2.9718380009505108	inf	inf
2200.0	inf	inf	2.966752366808589	inf	inf
2300.0	inf	inf	2.9643773471321864	inf	inf
2400.0	inf	inf	2.962363229158375	inf	inf
2500.0	inf	inf	2.9657482538975874	inf	inf
2588.392149848803	inf	inf	2.966651049946329	2.966651049946329	inf
2600.0	inf	inf	inf	2.9661262706075515	inf
2608.474570387791	inf	inf	2.9668045201486426	2.9668045201486426	inf
2700.0	inf	inf	2.9671815814140032	inf	inf
2800.0	inf	inf	2.957475544778416	inf	inf
2900.0	inf	inf	2.961069594602288	inf	inf
3000.0	inf	inf	2.9589254678628287	inf	inf
3100.0	inf	inf	2.9704624002605065	inf	inf
3200.0	inf	inf	2.958265479441542	inf	inf
3300.0	inf	inf	2.9589704973610864	inf	inf
3400.0	inf	inf	2.957780114479257	inf	inf
3500.0	inf	inf	2.958462264328199	inf	inf
