100	209744753.666667
150	164103398.000000
200	216352909.666667
250	218609009.000000
300	215554322.333333
350	219930619.000000
400	217506480.666667
450	222891706.666667
500	223297828.000000
550	217635526.000000
600	222340131.666667
650	223554090.000000
700	227082751.333333
750	225951787.333333
800	228177733.000000
850	235299741.333333
900	237861501.666667
950	237166492.333333
1000	242950217.333333
1100	244559266.666667
1200	262310595.000000
1300	265482624.000000
1400	286384043.666667
1500	290170678.333333
1600	307109404.333333
1700	318902073.666667
1800	334483765.666667
1900	355103733.333333
2000	367376057.000000
2100	375259197.666667
2200	412456752.333333
2300	437601723.666667
2400	461192893.666667
2500	481256977.333333
2600	511433098.666667
2700	550510223.000000
2800	587659369.666667
2900	615596300.333333
3000	653814058.333333
3100	697072421.000000
3200	730298718.333333
3300	778375436.000000
3400	856901836.333333
3500	892793025.666667
