100	213178114.666667
150	213648530.333333
200	212950725.666667
250	214631839.333333
300	216121017.000000
350	221067720.666667
400	216736967.000000
450	217859944.666667
500	222259695.000000
550	226028303.000000
600	224853915.666667
650	222618892.333333
700	224195580.666667
750	227556898.333333
800	225361967.000000
850	234120353.666667
900	241400650.333333
950	245030568.000000
1000	238871568.000000
1100	250335192.333333
1200	262366923.000000
1300	268978643.000000
1400	278170563.000000
1500	298595260.666667
1600	303904240.000000
1700	322327822.666667
1800	325782036.000000
1900	353226339.333333
2000	370282034.666667
2100	398824985.333333
2200	421122266.000000
2300	430936569.000000
2400	476454542.333333
2500	509306187.000000
2600	510436226.000000
2700	562578124.000000
2800	577183509.000000
2900	622277903.000000
3000	651907220.000000
3100	704528059.666667
3200	731929918.000000
3300	812212318.000000
3400	851545707.333333
3500	886807896.666667
