100	213333688.166667
150	210570126.333333
200	212791431.666667
250	214508726.833333
300	214727185.333333
350	213329335.833333
400	214805166.333333
450	214757720.833333
500	220357538.000000
550	219536153.166667
600	218112768.166667
650	220585266.000000
700	225389010.166667
750	227439092.000000
800	225426357.166667
850	227778382.166667
900	228848717.500000
950	237002362.333333
1000	246893583.833333
1100	249432623.500000
1200	254620128.000000
1300	260514022.333333
1400	277076929.000000
1500	289643567.166667
1600	295463741.833333
1700	311348837.000000
1800	322037859.666667
1900	341201782.666667
2000	359591622.833333
2100	381641858.000000
2200	399948093.000000
2300	416261120.500000
2400	443283902.666667
2500	467656056.666667
2600	491809974.500000
2700	524350656.333333
2800	558372879.333333
2900	590938298.166667
3000	558438994.000000
3100	658801767.000000
3200	710333290.000000
3300	753653609.500000
3400	782411392.000000
3500	835659420.000000
