100	212134028.333333
150	212304450.333333
200	213285229.666667
250	217827913.333333
300	218481947.000000
350	218931053.000000
400	214626071.000000
450	217801712.333333
500	221327965.333333
550	222375694.333333
600	224030350.333333
650	223875057.666667
700	221375987.666667
750	225587165.000000
800	227921124.333333
850	237888487.666667
900	231370779.333333
950	248206777.666667
1000	242224023.666667
1100	252691998.333333
1200	269826046.333333
1300	274906211.333333
1400	286325402.333333
1500	306964507.000000
1600	331142976.000000
1700	347997521.333333
1800	369607577.333333
1900	378897069.000000
2000	402834240.000000
2100	423389590.333333
2200	452445507.000000
2300	491541933.666667
2400	514703666.333333
2500	550395621.000000
2600	607295910.000000
2700	637952001.000000
2800	688948426.666667
2900	727928690.000000
3000	777376109.000000
3100	834086127.666667
3200	890860831.666667
3300	956834041.666667
3400	1014645131.666667
3500	986941841.333333
