100	212832960.666667
150	209576418.000000
200	213506832.333333
250	215546349.333333
300	215489569.333333
350	214163734.333333
400	217930660.000000
450	217028943.666667
500	217152242.000000
550	219427454.000000
600	220539232.000000
650	219287361.333333
700	223667586.333333
750	226951454.666667
800	227289091.333333
850	234085040.000000
900	236672411.000000
950	241165064.333333
1000	207749046.666667
1100	249910640.333333
1200	261120826.333333
1300	274596214.333333
1400	287126549.666667
1500	301480546.666667
1600	318691120.333333
1700	335653163.333333
1800	359509041.000000
1900	370975497.333333
2000	396553258.333333
2100	420382622.666667
2200	443713551.333333
2300	491642689.666667
2400	510694023.000000
2500	553428689.666667
2600	589382146.333333
2700	629874819.666667
2800	671657033.333333
2900	725029100.666667
3000	777097638.000000
3100	846144865.000000
3200	963437299.333333
3300	953064496.666667
3400	876868959.000000
3500	1058607236.000000
