100	215504348.000000
150	214143892.333333
200	212125508.666667
250	214465072.333333
300	214602412.666667
350	211601020.333333
400	216510046.166667
450	218900729.333333
500	220070110.833333
550	217551471.833333
600	221603904.166667
650	220982471.833333
700	222255303.333333
750	219895253.833333
800	219568618.166667
850	228988747.833333
900	229403908.333333
950	235543238.333333
1000	238105939.500000
1100	242690056.000000
1200	251593428.500000
1300	259662523.166667
1400	267850364.333333
1500	280516850.166667
1600	289610786.000000
1700	307847889.000000
1800	285029810.666667
1900	327628640.833333
2000	347879535.500000
2100	361907011.166667
2200	382771646.166667
2300	395033726.666667
2400	420436821.666667
2500	444062927.500000
2600	466951451.333333
2700	483017431.666667
2800	512719295.666667
2900	557062991.666667
3000	576511395.333333
3100	601318061.000000
3200	629844708.500000
3300	680700815.833333
3400	711590040.333333
3500	758373655.500000
