100.0	inf	inf	inf	3.2750972821717763	inf
116.74011772087482	inf	3.2319490781810223	inf	3.2319490781810223	inf
150.0	inf	3.1043846484814623	inf	inf	inf
175.4546144440521	3.038257296056944	3.038257296056944	inf	inf	inf
200.0	2.906722408201748	inf	inf	inf	inf
235.867669797439	2.921075795761346	2.921075795761346	inf	inf	inf
250.0	inf	2.900029119054083	inf	inf	inf
300.0	inf	2.824260414476635	inf	inf	inf
350.0	inf	2.7495815090649307	inf	inf	inf
358.5892558727882	2.734103597121633	2.734103597121633	inf	inf	inf
400.0	2.612079772646813	inf	inf	inf	inf
449.1657805910803	2.6577710770788214	2.6577710770788214	inf	inf	inf
450.0	inf	2.6577420625545027	inf	inf	inf
450.63828966168234	2.656902310497597	2.656902310497597	inf	inf	inf
500.0	2.529762110816104	inf	inf	inf	inf
550.0	2.555363057084087	inf	inf	inf	inf
600.0	2.452824678305729	inf	inf	inf	inf
622.555043728958	2.503540495635611	inf	inf	2.503540495635611	inf
650.0	inf	inf	inf	2.4993569317912567	inf
700.0	inf	inf	inf	2.452144146513655	inf
750.0	inf	inf	inf	2.434624467299129	inf
773.3047119786129	inf	2.4568555768656104	inf	2.4568555768656104	inf
800.0	inf	2.406632028652412	inf	inf	inf
841.9202678444472	2.4391914996663115	2.4391914996663115	inf	inf	inf
850.0	2.439263433260805	inf	inf	inf	inf
852.714625660776	2.4421067278553608	2.4421067278553608	inf	inf	inf
900.0	inf	2.383574523655025	inf	inf	inf
950.0	inf	2.353789817303122	inf	inf	inf
1000.0	inf	2.37343358934727	inf	inf	inf
1100.0	inf	2.359213309382289	inf	inf	inf
1200.0	inf	2.3558185302979484	inf	inf	inf
1268.4732006755182	inf	2.381474533200211	inf	2.381474533200211	inf
1300.0	inf	inf	inf	2.3778381432440048	inf
1339.138798650724	inf	2.3647068834790526	inf	2.3647068834790526	inf
1400.0	inf	2.320264209001837	inf	inf	inf
1500.0	inf	2.3169755191180537	inf	inf	inf
1600.0	inf	2.3311227562704926	inf	inf	inf
1700.0	inf	2.346671045705608	inf	inf	inf
1800.0	inf	2.3198698561462043	inf	inf	inf
1881.8611884432198	inf	2.3475707883413324	inf	2.3475707883413324	inf
1900.0	inf	inf	inf	2.341020556823819	inf
2000.0	inf	inf	inf	2.311550487359087	inf
2100.0	inf	inf	inf	2.31960016783608	inf
2200.0	inf	inf	inf	2.291644258838923	inf
2300.0	inf	inf	inf	2.3337869618005063	inf
2400.0	inf	inf	inf	2.31343111921162	inf
2500.0	inf	inf	inf	2.319168561193905	inf
2600.0	inf	inf	inf	2.305032845045184	inf
2700.0	inf	inf	inf	2.3213041578902924	inf
2800.0	inf	inf	inf	2.2780169776231585	inf
2853.7374600784765	inf	inf	inf	2.3002064226274817	2.3002064226274817
2900.0	inf	inf	inf	inf	2.283567267966995
3000.0	inf	inf	inf	inf	2.2578178754143177
3008.562823440927	inf	inf	inf	2.263022878684166	2.263022878684166
3100.0	inf	inf	inf	2.3127035839727306	inf
3200.0	inf	inf	inf	2.3205676449251205	inf
3300.0	inf	inf	inf	2.315812476857241	inf
3400.0	inf	inf	inf	2.26336108496995	inf
3500.0	inf	inf	inf	2.291512733552488	inf
