100	213757961.333333
150	214291228.166667
200	212333578.500000
250	214929847.500000
300	213719505.333333
350	219858892.333333
400	216417517.166667
450	218111588.166667
500	215627294.333333
550	218803149.833333
600	219926661.500000
650	220983927.500000
700	222616668.333333
750	221929261.166667
800	224338303.500000
850	226435945.166667
900	228962914.333333
950	231347839.333333
1000	237823520.500000
1100	246960384.500000
1200	252969061.333333
1300	259352000.000000
1400	270804426.833333
1500	280324437.666667
1600	289954150.166667
1700	303990044.166667
1800	313809866.666667
1900	336975167.000000
2000	338321943.833333
2100	358000587.500000
2200	382434350.833333
2300	392525156.500000
2400	414965754.833333
2500	433317634.166667
2600	458178897.333333
2700	482863276.500000
2800	517375883.666667
2900	539633461.500000
3000	567307325.666667
3100	612640920.833333
3200	633478562.833333
3300	656436335.166667
3400	705630562.666667
3500	755730987.166667
