100	218813445.500000
150	215732610.500000
200	215219052.333333
250	217819442.500000
300	222393915.666667
350	217228549.666667
400	220530320.000000
450	201923801.000000
500	224424341.333333
550	226695099.166667
600	222433771.500000
650	227578111.833333
700	233939945.000000
750	230600700.333333
800	290594898.666667
850	277029290.000000
900	295114646.500000
950	298974574.333333
1000	240916446.166667
1100	243937170.000000
1200	262076042.333333
1300	273936598.166667
1400	282812274.166667
1500	286096592.000000
1600	297264729.666667
1700	323402494.833333
1800	335319678.166667
1900	344958694.000000
2000	363118457.333333
2100	336793918.833333
2200	394524190.666667
2300	404796261.666667
2400	443901592.666667
2500	466413583.166667
2600	477918823.000000
2700	570617022.333333
2800	607140840.166667
2900	582281926.000000
3000	605883042.666667
3100	640297019.166667
3200	685694550.000000
3300	733855712.333333
3400	724408610.166667
3500	789771364.833333
