100	215228631.833333
150	215075839.333333
200	213865917.500000
250	228375993.833333
300	227122549.333333
350	227088834.000000
400	225711367.000000
450	225399237.166667
500	221551682.666667
550	225823661.833333
600	223405527.500000
650	224077456.000000
700	230710594.833333
750	227128847.333333
800	230565699.333333
850	231226559.166667
900	234218308.666667
950	233563144.666667
1000	243068202.666667
1100	250076078.833333
1200	259216245.500000
1300	266418044.166667
1400	324396257.833333
1500	339956983.166667
1600	360219114.666667
1700	373866653.666667
1800	383264142.166667
1900	352272207.666667
2000	370056906.500000
2100	384233686.000000
2200	407934334.833333
2300	426771887.000000
2400	455725468.166667
2500	493009195.166667
2600	539632336.333333
2700	547307897.333333
2800	551465238.833333
2900	599155548.833333
3000	638630255.666667
3100	677204027.000000
3200	700593577.333333
3300	749321000.000000
3400	811388712.000000
3500	849611866.333333
