100.0	2.3443481694413144	inf	inf	inf	inf	inf	inf	inf	inf
116.44962437532938	2.3339130955862077	2.3339130955862077	inf	inf	inf	inf	inf	inf	inf
150.0	inf	2.182052378993499	inf	inf	inf	inf	inf	inf	inf
200.0	inf	2.019018497962695	inf	inf	inf	inf	inf	inf	inf
250.0	inf	1.9610650131693017	inf	inf	inf	inf	inf	inf	inf
288.8513739394175	inf	2.1181218260594536	2.1181218260594536	inf	inf	inf	inf	inf	inf
300.0	inf	inf	2.108781657713035	inf	inf	inf	inf	inf	inf
350.0	inf	inf	2.046213423228357	inf	inf	inf	inf	inf	inf
393.8925482937203	inf	1.9939535695637274	1.9939535695637274	inf	inf	inf	inf	inf	inf
400.0	inf	1.978131876623945	inf	inf	inf	inf	inf	inf	inf
404.87873474010826	inf	1.9811535064870096	1.9811535064870096	inf	inf	inf	inf	inf	inf
450.0	inf	inf	1.9300243448019156	inf	inf	inf	inf	inf	inf
500.0	inf	inf	1.8137170364560904	inf	inf	inf	inf	inf	inf
550.0	inf	inf	1.9974366803518813	inf	inf	inf	inf	inf	inf
589.6640435172899	inf	2.0774272321071785	2.0774272321071785	inf	inf	inf	inf	inf	inf
600.0	inf	2.029313245243966	inf	inf	inf	inf	inf	inf	inf
650.0	inf	2.017712957925648	inf	inf	inf	inf	inf	inf	inf
700.0	inf	1.9096533443527948	inf	inf	inf	inf	inf	inf	inf
750.0	inf	1.9587521095025475	inf	inf	inf	inf	inf	inf	inf
759.6765454809914	inf	1.960608519223377	inf	1.960608519223377	inf	inf	inf	inf	inf
800.0	inf	inf	inf	1.861272271531678	inf	inf	inf	inf	inf
850.0	inf	inf	inf	1.8330015494995824	inf	inf	inf	inf	inf
900.0	inf	inf	inf	1.8998611255246804	inf	inf	inf	inf	inf
950.0	inf	inf	inf	1.8939111554652	inf	inf	inf	inf	inf
1000.0	inf	inf	inf	1.7916709613012605	inf	inf	inf	inf	inf
1065.9186719360598	inf	1.945143720144143	inf	1.945143720144143	inf	inf	inf	inf	inf
1100.0	inf	1.949787758744747	inf	inf	inf	inf	inf	inf	inf
1200.0	inf	1.98545023967064	inf	inf	inf	inf	inf	inf	inf
1213.0039727994042	inf	1.989350580949651	1.989350580949651	inf	inf	inf	inf	inf	inf
1300.0	inf	inf	1.969966577550657	inf	inf	inf	inf	inf	inf
1400.0	inf	inf	1.8488774829250212	inf	inf	inf	inf	inf	inf
1500.0	inf	inf	1.8226479811328264	inf	inf	inf	inf	inf	inf
1572.2757538312699	inf	inf	1.883064884362307	1.883064884362307	inf	inf	inf	inf	inf
1600.0	inf	inf	inf	1.8739994035494048	inf	inf	inf	inf	inf
1658.5529439818986	inf	inf	inf	1.9187286751771218	1.9187286751771218	inf	inf	inf	inf
1700.0	inf	inf	inf	inf	1.9209122447416704	inf	inf	inf	inf
1711.139483591578	inf	inf	inf	inf	1.9173992841613567	inf	inf	inf	1.9173992841613567
1800.0	inf	inf	inf	inf	inf	inf	inf	inf	1.8085962659823047
1859.2764445187456	inf	inf	inf	1.8531177763570021	inf	inf	inf	inf	1.8531177763570021
1900.0	inf	inf	inf	1.8102962572469563	inf	inf	inf	inf	inf
2000.0	inf	inf	inf	1.7721424976282822	inf	inf	inf	inf	inf
2079.383990998874	inf	inf	1.964848727690879	1.964848727690879	inf	inf	inf	inf	inf
2100.0	inf	inf	1.996615951240244	inf	inf	inf	inf	inf	inf
2200.0	inf	inf	1.8904824606444932	inf	inf	inf	inf	inf	inf
2300.0	inf	inf	1.871107024877948	inf	inf	inf	inf	inf	inf
2400.0	inf	inf	1.9253339980085136	inf	inf	inf	inf	inf	inf
2500.0	inf	inf	1.9165158381030027	inf	inf	inf	inf	inf	inf
2533.6271254849307	inf	inf	1.9306296590092764	1.9306296590092764	inf	inf	inf	inf	inf
2600.0	inf	inf	inf	1.91431439423498	inf	inf	inf	inf	inf
2700.0	inf	inf	inf	1.8980418767829108	inf	inf	inf	inf	inf
2800.0	inf	inf	inf	1.7818143200518943	inf	inf	inf	inf	inf
2900.0	inf	inf	inf	1.871468008351456	inf	inf	inf	inf	inf
3000.0	inf	inf	inf	1.7533004851478329	inf	inf	inf	inf	inf
3100.0	inf	inf	inf	1.830620833069923	inf	inf	inf	inf	inf
3149.579473058952	inf	inf	1.8663714995618217	1.8663714995618217	inf	inf	inf	inf	inf
3200.0	inf	inf	1.8495336155981303	inf	inf	inf	inf	inf	inf
3288.585184855141	inf	inf	1.84444174071808	1.84444174071808	inf	inf	inf	inf	inf
3300.0	inf	inf	inf	1.836931070794697	inf	inf	inf	inf	inf
3376.8104587727425	inf	inf	inf	1.9030820948506881	1.9030820948506881	inf	inf	inf	inf
3400.0	inf	inf	inf	inf	1.90559945850424	inf	inf	inf	inf
3422.064937525013	inf	inf	inf	1.8980489733028292	1.8980489733028292	inf	inf	inf	inf
3500.0	inf	inf	inf	1.8097310960033828	inf	inf	inf	inf	inf
