100	213592664.666667
150	215720931.000000
200	212220158.000000
250	217636740.333333
300	218260103.000000
350	220858808.333333
400	221065769.333333
450	220384030.333333
500	221034840.000000
550	221811259.666667
600	225029674.666667
650	227052319.333333
700	227220025.666667
750	232346885.000000
800	228481485.000000
850	233890184.333333
900	243886298.000000
950	242066437.666667
1000	250166653.333333
1100	253273818.000000
1200	271837841.666667
1300	279809727.666667
1400	290257571.000000
1500	309746554.000000
1600	326137666.000000
1700	345172041.333333
1800	374409568.666667
1900	376636340.666667
2000	359248051.666667
2100	422794951.333333
2200	460028621.000000
2300	488943275.333333
2400	522281753.333333
2500	554116317.000000
2600	597712662.000000
2700	641233324.000000
2800	694264760.333333
2900	731347057.666667
3000	786354874.666667
3100	816897880.333333
3200	888923843.666667
3300	971156964.333333
3400	1020929920.000000
3500	1091310160.000000
