100	210561409.166667
150	209316158.833333
200	213084930.666667
250	214949048.833333
300	216130550.666667
350	217675681.833333
400	216658314.666667
450	217666422.166667
500	225180713.666667
550	229140689.000000
600	230932493.000000
650	229128186.833333
700	224903029.000000
750	228291536.666667
800	230047745.000000
850	227499863.666667
900	235412921.166667
950	262538367.500000
1000	292165854.333333
1100	244835555.833333
1200	259883477.333333
1300	266225513.500000
1400	277771441.833333
1500	282515372.500000
1600	301974305.833333
1700	313390249.333333
1800	327760257.666667
1900	342261219.333333
2000	361192631.000000
2100	379414229.500000
2200	394680889.666667
2300	370753099.833333
2400	436841264.333333
2500	472700792.666667
2600	495195279.333333
2700	528959390.500000
2800	562097729.500000
2900	596194854.333333
3000	631299048.666667
3100	670992651.666667
3200	709609212.000000
3300	761117516.833333
3400	796749712.166667
3500	818589357.666667
