100	210782870.666667
150	207856300.833333
200	213481251.833333
250	213266774.000000
300	219052519.333333
350	216821325.166667
400	214582963.000000
450	218739299.333333
500	165852834.500000
550	215280750.000000
600	226260783.000000
650	228042058.000000
700	226457991.666667
750	232500685.500000
800	232304547.666667
850	228524795.500000
900	235136485.166667
950	238095883.166667
1000	244803104.500000
1100	253035028.166667
1200	266427366.333333
1300	279682523.666667
1400	287693174.666667
1500	363322231.666667
1600	384748790.166667
1700	395314874.500000
1800	375998184.833333
1900	380669495.166667
2000	407722089.000000
2100	457062383.166667
2200	519654764.000000
2300	555429078.333333
2400	572955807.333333
2500	567627759.333333
2600	670575037.666667
2700	716448425.666667
2800	757785387.666667
2900	735860588.666667
3000	781388133.333333
3100	834599038.666667
3200	904882637.000000
3300	963656165.833333
3400	1037559271.166667
3500	1087647970.500000
