100	204979104.000000
150	209000334.333333
200	215864957.333333
250	218909122.666667
300	216672709.666667
350	223939184.333333
400	221291392.333333
450	218409134.000000
500	220655388.333333
550	224968659.000000
600	227027942.666667
650	226280394.333333
700	228293473.666667
750	227922435.333333
800	230383450.333333
850	239236495.666667
900	246052034.000000
950	243527512.333333
1000	252098849.666667
1100	251509428.000000
1200	273246417.000000
1300	280070019.666667
1400	292198146.000000
1500	312214790.666667
1600	314487692.000000
1700	342381473.000000
1800	360389180.666667
1900	379267754.333333
2000	398967821.333333
2100	433010365.333333
2200	460286893.666667
2300	491333003.333333
2400	528790821.666667
2500	565892011.333333
2600	591822299.000000
2700	655600445.333333
2800	696206553.666667
2900	729420377.333333
3000	787360038.333333
3100	835195925.666667
3200	896606758.666667
3300	986192343.666667
3400	1015105992.000000
3500	1041452807.000000
