100	218701714.000000
150	215232839.000000
200	214196052.666667
250	215649374.666667
300	214775846.333333
350	217287468.666667
400	216268459.000000
450	224642115.333333
500	219689123.333333
550	223579468.333333
600	222320069.000000
650	223964193.333333
700	224260695.000000
750	232319750.333333
800	231415452.000000
850	229082724.000000
900	234089196.333333
950	240903558.000000
1000	244978013.333333
1100	243734371.333333
1200	251999793.333333
1300	265920721.666667
1400	272817542.000000
1500	285589113.666667
1600	287154699.333333
1700	310518234.333333
1800	325729648.666667
1900	339621365.000000
2000	347189724.000000
2100	368618497.333333
2200	389595012.000000
2300	400034980.000000
2400	417947123.333333
2500	438259330.333333
2600	464768380.333333
2700	497477719.666667
2800	528887455.000000
2900	557297260.000000
3000	585660631.666667
3100	623639955.333333
3200	651696718.000000
3300	709867868.000000
3400	736023768.000000
3500	768229637.666667
