100	200900155.000000
150	203111670.166667
200	173504939.500000
250	207446423.666667
300	225270997.500000
350	203051516.833333
400	221913402.833333
450	219343398.666667
500	285469963.333333
550	193781670.666667
600	237058035.500000
650	242070041.333333
700	299320268.833333
750	304857593.166667
800	247403135.500000
850	245083453.000000
900	206904226.333333
950	235587323.500000
1000	260671299.500000
1100	257583043.000000
1200	336288406.833333
1300	324268271.500000
1400	395377542.000000
1500	428942183.000000
1600	457494710.833333
1700	484984392.000000
1800	512128538.333333
1900	552097627.333333
2000	598756391.833333
2100	693801118.666667
2200	665765582.166667
2300	727528933.500000
2400	914028770.833333
2500	978039247.166667
2600	1063185438.500000
2700	1159405796.833333
2800	1183496324.666667
2900	1287637824.500000
3000	1367232997.166667
3100	1447844181.333333
3200	1559406172.333333
3300	1792589254.500000
3400	1864870814.166667
3500	2042960174.000000
