100	218593373.333333
150	214626837.333333
200	216620599.000000
250	210161542.666667
300	217630897.666667
350	216381100.666667
400	216171511.666667
450	219733804.666667
500	220160995.000000
550	217413611.666667
600	224287813.333333
650	219779643.000000
700	220919728.666667
750	228626435.333333
800	229932156.333333
850	234394125.000000
900	237400742.333333
950	239472876.666667
1000	244225917.000000
1100	256884129.666667
1200	266542351.333333
1300	277964035.000000
1400	292762772.666667
1500	305133303.666667
1600	325988911.333333
1700	340810172.000000
1800	357841234.666667
1900	379083726.666667
2000	398359140.666667
2100	432649237.333333
2200	462486958.666667
2300	493973345.000000
2400	519508363.333333
2500	558312412.000000
2600	601606369.333333
2700	646959052.333333
2800	683055117.333333
2900	743625237.000000
3000	800032091.000000
3100	849541573.666667
3200	912120253.333333
3300	971965781.666667
3400	1027544496.000000
3500	1103108632.666667
