100	208608413.333333
150	214903788.500000
200	215915398.833333
250	213580039.500000
300	216176340.666667
350	215179726.166667
400	270938439.833333
450	276792304.666667
500	273418663.166667
550	279923062.166667
600	276143833.833333
650	251741093.166667
700	224452650.333333
750	227857127.666667
800	234522410.000000
850	234701901.833333
900	234508234.166667
950	247300174.166667
1000	235211972.166667
1100	303452802.833333
1200	280313968.500000
1300	271223260.333333
1400	286646480.000000
1500	302240210.833333
1600	317598249.166667
1700	343638569.833333
1800	366794348.333333
1900	383367654.166667
2000	398712133.500000
2100	420418184.500000
2200	449924430.500000
2300	479285395.333333
2400	509577530.833333
2500	546161843.166667
2600	587021893.666667
2700	625177209.333333
2800	642551259.000000
2900	711109744.500000
3000	755718952.666667
3100	809805505.333333
3200	868976220.666667
3300	920303478.500000
3400	988877604.333333
3500	1047178541.166667
