100.0	9.28469966948514	inf	inf	inf	inf	inf	inf	inf	inf
126.42196530664417	9.29061077863249	inf	9.29061077863249	inf	inf	inf	inf	inf	inf
150.0	inf	inf	9.094857395668337	inf	inf	inf	inf	inf	inf
200.0	inf	inf	8.819684227500597	inf	inf	inf	inf	inf	inf
250.0	inf	inf	8.103709390676388	inf	inf	inf	inf	inf	inf
289.0074860150679	inf	8.797295236848562	8.797295236848562	inf	inf	inf	inf	inf	inf
300.0	inf	8.911082117031029	inf	inf	inf	inf	inf	inf	inf
350.0	inf	8.493398300597423	inf	inf	inf	inf	inf	inf	inf
376.63805759706435	inf	8.74440627391798	inf	inf	inf	inf	inf	inf	8.74440627391798
400.0	inf	inf	inf	inf	inf	inf	inf	inf	8.501084057202219
450.0	inf	inf	inf	inf	inf	inf	inf	inf	8.255147498725083
500.0	inf	inf	inf	inf	inf	inf	inf	inf	8.264339404302133
550.0	inf	inf	inf	inf	inf	inf	inf	inf	8.385102695879624
600.0	inf	inf	inf	inf	inf	inf	inf	inf	8.447860966145273
620.4356301858518	inf	inf	inf	8.620102950807848	inf	inf	inf	inf	8.620102950807848
650.0	inf	inf	inf	8.351311141251285	inf	inf	inf	inf	inf
682.8635282638467	inf	inf	inf	8.524844837038609	inf	inf	inf	inf	8.524844837038609
700.0	inf	inf	inf	inf	inf	inf	inf	inf	8.345237912810116
714.4668947280943	inf	inf	inf	8.48543842731631	inf	inf	inf	inf	8.48543842731631
750.0	inf	inf	inf	8.16639607746545	inf	inf	inf	inf	inf
777.4065525016041	inf	inf	inf	8.505839931643505	inf	inf	inf	inf	8.505839931643505
800.0	inf	inf	inf	inf	inf	inf	inf	inf	8.238778060073054
850.0	inf	inf	inf	inf	inf	inf	inf	inf	8.60620684115579
857.1576269697306	inf	inf	inf	inf	8.627770929145527	inf	inf	inf	8.627770929145527
900.0	inf	inf	inf	inf	8.127131130570993	inf	inf	inf	inf
950.0	inf	inf	inf	inf	8.103197315077145	inf	inf	inf	inf
975.777425542014	inf	inf	inf	inf	8.34535022129191	inf	inf	inf	8.34535022129191
1000.0	inf	inf	inf	inf	inf	inf	inf	inf	8.18207451258558
1100.0	inf	inf	inf	inf	inf	inf	inf	inf	8.41724259194777
1200.0	inf	inf	inf	inf	inf	inf	inf	inf	8.520067624309574
1300.0	inf	inf	inf	inf	inf	inf	inf	inf	8.255929509194322
1400.0	inf	inf	inf	inf	inf	inf	inf	inf	8.205908827210386
1500.0	inf	inf	inf	inf	inf	inf	inf	inf	8.212150352288917
1600.0	inf	inf	inf	inf	inf	inf	inf	inf	8.156311961886761
1681.770150310763	inf	inf	inf	8.480168524102755	inf	inf	inf	inf	8.480168524102755
1700.0	inf	inf	inf	8.394689121011373	inf	inf	inf	inf	inf
1737.7528057159197	inf	inf	inf	8.400096201651339	8.400096201651339	inf	inf	inf	inf
1800.0	inf	inf	inf	inf	8.396540138524255	inf	inf	inf	inf
1821.8405066121304	inf	inf	inf	inf	8.50196431398712	inf	inf	inf	8.50196431398712
1900.0	inf	inf	inf	inf	inf	inf	inf	inf	8.051688345336801
2000.0	inf	inf	inf	inf	inf	inf	inf	inf	8.231001183518538
2064.127380715097	inf	inf	inf	inf	8.608929646122416	inf	inf	inf	8.608929646122416
2100.0	inf	inf	inf	inf	8.438977434415255	inf	inf	inf	inf
2140.464770103483	inf	inf	inf	inf	8.629745946206794	inf	inf	inf	8.629745946206794
2200.0	inf	inf	inf	inf	inf	inf	inf	inf	8.349325574948121
2300.0	inf	inf	inf	inf	inf	inf	inf	inf	8.337229199177026
2400.0	inf	inf	inf	inf	inf	inf	inf	inf	8.302115783505066
2459.051432407643	inf	inf	inf	inf	8.618639237694548	inf	inf	inf	8.618639237694548
2500.0	inf	inf	inf	inf	8.437201286834009	inf	inf	inf	inf
2541.130778772419	inf	inf	inf	inf	8.629402718747032	inf	inf	inf	8.629402718747032
2600.0	inf	inf	inf	inf	inf	inf	inf	inf	8.330659266812225
2660.1218257740707	inf	inf	inf	8.61906077400701	inf	inf	inf	inf	8.61906077400701
2700.0	inf	inf	inf	8.444912551340744	inf	inf	inf	inf	inf
2740.4889496201763	inf	inf	inf	8.62498171945024	inf	inf	inf	inf	8.62498171945024
2800.0	inf	inf	inf	inf	inf	inf	inf	inf	8.352519072320781
2858.8872788935073	inf	inf	inf	8.6397491688746	inf	inf	inf	inf	8.6397491688746
2900.0	inf	inf	inf	8.465279105375478	inf	inf	inf	inf	inf
2942.5792776154126	inf	inf	inf	8.653971751809506	inf	inf	inf	inf	8.653971751809506
3000.0	inf	inf	inf	inf	inf	inf	inf	inf	8.402721653580356
3051.925939692388	inf	inf	inf	8.669439306286028	inf	inf	inf	inf	8.669439306286028
3100.0	inf	inf	inf	8.448172226382177	inf	inf	inf	inf	inf
3151.951000920833	inf	inf	inf	8.680908084032316	inf	inf	inf	inf	8.680908084032316
3200.0	inf	inf	inf	inf	inf	inf	inf	inf	8.463129898636499
3300.0	inf	inf	inf	inf	inf	inf	inf	inf	8.383491934664171
3357.6983083264445	inf	inf	inf	8.657441090558022	inf	inf	inf	inf	8.657441090558022
3400.0	inf	inf	inf	8.473775179405676	inf	inf	inf	inf	inf
3443.7251250693434	inf	inf	inf	8.659870700549599	inf	inf	inf	inf	8.659870700549599
3500.0	inf	inf	inf	inf	inf	inf	inf	inf	8.404505052944574
