Courbe_1_2			
x	y	
1456.5804913412815	211210936.6584992	
1456.5804913412815	211210936.6584992	1506.3489252163085	231212877.4400626	
1456.5804913412815	211210936.6584992	1506.3489252163085	231212877.4400626	0	0	
1456.5804913412815	211210936.6584992	1506.3489252163085	231212877.4400626	0	0	
1456.5804913412815	211210936.6584992	1506.3489252163085	231212877.4400626	0	0					
1456.5804913412815	211210936.6584992	1506.3489252163085	231212877.4400626	0	0									
1456.5804913412815	211210936.6584992	1506.3489252163085	231212877.4400626	0	0													
1456.5804913412815	211210936.6584992	1506.3489252163085	231212877.4400626	0	0																	
1456.5804913412815	211210936.6584992	1506.3489252163085	231212877.4400626	0	0																					
