100.0	inf	2.3443481694413144	inf
116.4496243753294	inf	2.333913095586208	inf
150.0	inf	2.182052378993499	inf
200.0	inf	2.019018497962695	inf
250.0	inf	1.9610650131693017	inf
288.8513739394175	inf	2.1181218260594536	inf
300.0	inf	2.108781657713035	inf
350.0	inf	2.046213423228357	inf
393.8925482937202	inf	1.993953569563728	inf
400.0	inf	1.978131876623945	inf
404.8787347401083	inf	1.9811535064870096	inf
450.0	inf	1.930024344801916	inf
500.0	inf	1.8137170364560904	inf
550.0	inf	1.9974366803518813	inf
578.2052907780367	inf	2.054318343734745	inf
590.608712643301	inf	2.073029787323524	inf
600.0	inf	2.029313245243966	inf
650.0	inf	2.017712957925648	inf
700.0	inf	1.9096533443527948	inf
750.0	inf	1.9587521095025475	inf
759.6765454809913	inf	1.960608519223377	inf
800.0	inf	1.861272271531678	inf
850.0	inf	1.8330015494995824	inf
900.0	inf	1.8998611255246804	inf
950.0	inf	1.8939111554652	inf
1000.0	inf	1.7916709613012605	inf
1040.03088396283	inf	1.8848714160472857	inf
1099.2118813644363	inf	1.9496803669976133	inf
1100.0	inf	1.949787758744747	inf
1200.0	inf	1.98545023967064	inf
1213.0039727994042	inf	1.989350580949651	inf
1300.0	inf	1.969966577550657	inf
1400.0	inf	1.8488774829250207	inf
1500.0	inf	1.8226479811328264	inf
1562.9030670974569	inf	1.8752300479561865	1.8752300479561865
1600.0	inf	inf	1.8491834350627847
1608.588903526838	inf	inf	1.8446786057022808
1700.0	inf	inf	1.791257204100554
1711.5903845011585	inf	inf	1.784227713234876
1800.0	inf	inf	1.6888315613016016
1891.7713885086969	inf	inf	1.6797103847221997
1900.0	inf	inf	1.6747596695314304
2000.0	inf	inf	1.594156867341291
2017.7634262911245	inf	inf	1.59467031009877
2100.0	inf	inf	1.5091423641825945
2191.653595531048	inf	inf	1.5577562973919787
2200.0	inf	inf	1.555091490147279
2235.582336800285	inf	inf	1.5385114429297388
2300.0	inf	inf	1.4837125001088856
2352.623796843948	inf	inf	1.4920252243910084
2384.3706514380733	inf	inf	1.4820892239121968
2400.0	inf	inf	1.4766082998439964
2404.5069620359905	inf	inf	1.475647897333174
2500.0	inf	inf	1.4428126542396076
2600.0	inf	inf	1.4159480345710909
2694.375448348143	inf	inf	1.391055594544759
2700.0	inf	inf	1.3888750701478525
2800.0	inf	inf	1.3498662035188222
2861.820418814128	inf	inf	1.3552246992532528
2900.0	inf	inf	1.3447551468926997
2985.216550901257	inf	inf	1.325628070402741
3000.0	inf	inf	1.315467231197488
3011.0267574555905	inf	inf	1.3186718682741982
3100.0	inf	inf	1.2929581246964916
3200.0	inf	inf	1.261750046420174
3300.0	inf	inf	1.247281289799102
3400.0	inf	inf	1.2410032514459068
3479.435589752685	inf	inf	1.226122041410768
3500.0	inf	inf	1.214429918402019
