36.9
33.2
31.1
48.5
29.8
26.6
36.3
33.4
38.4
38.2
16.2
34.2
30.0
31.9
29.2
37.9
27.3
33.9
34.6
23.6
37.6
51.9
39.9
46.3
29.7
27.8
33.6
26.9
26.1
25.4
36.2
25.1
22.2
39.0
30.3
39.3
46.2
38.7
36.1
34.5
35.3
40.2
32.7
31.8
38.8
29.8
26.6
26.9
25.5
23.3
33.4
43.0
30.2
37.4
43.2
25.6
41.0
39.3
37.8
26.4
34.3
48.3
48.5
41.7
25.9
21.2
40.9
43.5
40.4
39.4
27.2
34.3
33.2
40.2
38.2
36.9
35.1
23.1
39.9
40.0
46.6
34.2
31.2
32.9
31.8
30.2
28.7
37.0
25.7
43.5
22.1
29.2
36.5
34.9
33.5
32.4
47.7
38.4
15.7
24.9
31.1
32.4
37.4
34.9
53.8
34.3
51.8
38.2
41.8
42.3
26.7
35.0
22.8
31.4
47.4
45.3
35.5
34.6
22.6
22.9
38.6
36.1
34.3
21.9
32.0
30.1
28.2
26.8
34.2
32.5
30.3
28.1
30.8
25.5
34.6
31.2
30.0
17.9
37.5
34.2
33.1
41.1
37.6
26.5
35.4
22.4
61.0
28.6
44.5
35.3
33.0
33.4
41.2
47.5
36.9
25.2
50.3
31.8
39.3
37.9
35.8
33.7
40.4
31.2
39.6
37.0
36.9
32.1
39.7
29.6
35.8
16.3
26.9
24.0
32.3
30.0
47.6
37.0
36.0
42.1
32.9
30.3
29.9
37.7
51.7
41.7
31.7
30.2
28.1
57.4
26.2
24.1
39.6
29.3
28.4
36.5
33.3
31.4
40.5
27.4
36.5
34.3
32.2
40.6
29.2
34.0
43.0
43.4
32.5
37.6
38.7
35.5
23.5
31.8
40.5
38.1
26.4
34.3
32.3
40.9
38.7
36.5
24.2
32.7
47.8
29.2
31.0
25.2
42.8
30.4
28.3
28.0
35.1
22.7
32.0
30.1
46.5
28.1
35.0
33.3
38.9
40.3
37.7
43.3
24.0
32.4
32.0
29.5
28.0
37.3
35.3
32.2
40.3
29.5
26.8
35.7
32.5
30.7
29.4
38.3
35.5
33.1
31.6
36.7
38.6
35.7
23.5
32.3
39.5
25.3
35.5
45.2
32.0
30.4
28.8
34.6
24.9
23.7
31.7
39.6
38.7
43.4
33.9
32.6
37.8
35.7
37.2
35.6
32.9
38.2
39.5
37.6
35.7
23.3
42.1
49.4
48.7
46.3
43.3
32.3
31.8
39.2
27.4
36.5
