-6.1858351419767565 -7.216737625021487
-6.1858351419767565 -7.216737625021485
-6.1858351419767565 -7.216737625021486
-6.1858351419767565 -7.216737625021486
-6.1858351419767565 -7.216737625021486
-6.1858351419767565 -7.216737625021486
-6.1858351419767565 -7.216737625021486
-6.1858351419767565 -7.216737625021485
-6.1858351419767565 -7.216737625021487
-6.1858351419767565 -7.216737625021487
-6.1858351419767565 -7.216737625021486
-6.1858351419767565 -7.216737625021486
-6.388004346128202 -7.207738711132307
-6.691737294816869 -7.023883126253016
-6.8680563124940495 -6.685927161250905
-6.971483313781603 -6.317046196663575
-8.277152671365833 -4.8682113374554365
-8.424958389098082 -4.649763650435661
-8.383205101405606 -4.5194370413089135
-8.384071065130188 -4.517610097014119
-8.384071065130188 -4.517610097014119
-8.367283313625366 -4.465433210231083
-8.253161465712253 -4.39440061147857
-7.909389758430013 -4.214984112411445
-7.798848863480764 -4.082326204015546
-7.790366843305938 -3.8166304338782933
-7.938480877364392 -3.4519975964747607
-8.149682783385439 -3.136416844775253
-8.39882595280724 -2.8339540283828786
-8.627182940780509 -2.5320943773385505
-8.788399309424811 -2.20119870374584
-8.767469835024038 -1.8253766256817432
-8.784209080708202 -1.428136282667655
-8.868744710864334 -1.0669838240895126
-9.089731645847607 -0.800085516597516
-9.508235228241361 -0.8857070310405541
-9.631796241818323 -1.273659651068897
-9.619641775127388 -1.7068756763704416
-9.615733198157361 -2.106339325833579
-9.633498845739005 -2.5047302121388553
-9.706662772968816 -2.8931497037248137
-9.910386062884387 -3.245968959554121
-10.174333469358055 -3.511894719023596
-10.530274342888548 -3.6888195359467506
-10.904185724792375 -3.856514252851456
-11.2638277294308 -3.9830185283464896
-11.64471285842668 -4.121348024707929
-12.001921731267847 -4.212882053252573
-12.36462793437547 -4.180487735491619
-12.449744339286655 -4.065468556965023
-12.30880275806477 -3.711846879224262
-12.087836520049631 -3.4890112499070343
-12.042133570905344 -3.350820293333106
-12.015298969725727 -3.5503625416079307
-11.97030631950915 -3.520980134515286
-11.63800413490898 -3.414745620769616
-11.261373645312075 -3.328277441122875
-10.888294545744944 -3.251597965986634
-10.520487721936403 -3.1593396461351615
-10.164714863215547 -3.0333222486554874
-9.83489606137027 -2.85696863796652
-9.68601395206342 -2.5393218531616615
-9.783432340145328 -2.1841533841782628
-9.926166012863364 -1.820292506015547
-10.214237503649425 -1.5496979942320843
-10.543622530530167 -1.281892515589564
-10.878583244768675 -1.0702925590502348
-11.166473961017283 -0.8434223504794423
-11.506856645127575 -0.6809519183551567
-11.899600187607625 -0.6112365416347822
-12.287377164081953 -0.623658183507307
-12.684116018307861 -0.6780345178559637
-13.028550080924987 -0.49478600662010486
-13.087838020980456 -0.38895084349822806
-12.90323618377807 -0.1807879784358768
-11.908472332568651 0.13857574465025735
-11.908472332568651 0.13857574465025735
-11.697264413531036 0.18541958034033001
-11.33079958772545 0.29254601634953215
-10.969905342139528 0.46578938874032616
-10.75257845352233 0.7538575312980056
-10.701889083648727 1.1281981896477733
-10.770190504080336 1.4921740615246586
-11.058591052817418 1.7844800998751484
-11.387238777189117 1.926694793039922
-11.832514799012886 1.8025623510040374
-12.156140944149707 1.720577399058663
-12.485206142140813 1.6607065772401128
-12.844560279483213 1.5054296494933794
-13.230778077388305 1.4660375245852473
-13.561674060056358 1.3014669835428867
-13.91798899153123 1.09535710267064
-14.26997076030587 0.894977101003013
-14.674109170649047 0.791177051915338
-14.166934312703459 0.9558820885422561
-13.927381797290206 1.052192195052795
-13.653156506795579 1.1701897219207327
-13.386952102043598 1.253465741588025
-13.159463691050629 1.4132559313542385
-12.922760540780889 1.53600694563261
-12.688174488713567 1.6233268537300916
-12.444824500596058 1.7704626080149968
-12.206147295651196 1.8578535063771344
-11.921607589387486 1.926763614765325
-11.662494246609077 1.9936671166634508
-11.373578946022153 2.05218537516253
-11.149579674976865 2.059566008139223
-11.016652983333593 1.9562127369190776
-11.101972763109764 2.294403365554696
-10.94952853126964 2.595263017243079
-10.776788096461612 2.9202919789476365
-10.7226574089343 3.2252892938130873
-10.711234273098711 3.494659599187523
-10.689144095180549 3.851371025645531
-10.860201141333514 4.159478266650429
-10.956950582192501 4.295954956128469
-10.977745600171136 4.321960894892037
-11.07931750673547 4.348206690153646
-11.147816722351113 4.361290271278934
-11.046669733502425 4.372881187687478
-11.043778022922242 4.373122843909027
-10.987862104176259 4.399035033230422
-11.003098691251488 4.437055398712081
-11.015917486089805 4.416680633119817
-10.93202727133831 4.316519810670409
-10.719201966458943 4.011256674059531
-10.54218538922568 3.6489786163397517
-10.45910124021634 3.2732960452116022
-10.5430267391292 3.078670979764129
-10.553763713947193 3.0938594131393993
-10.547682740412723 3.0954144836964
-10.547756962306298 3.076458692306881
-10.53706863202829 3.0748323275965004
-10.523654985038885 3.0615151700811425
-10.272854717930366 2.753290746376016
-10.067057550416944 2.46307031660346
-9.776363447466078 2.2244062212118227
-9.464090256741787 2.0576069556953023
-9.084012972681434 2.0366495255249317
-7.269211984647828 3.4312338295711813
-7.480283993615251 3.704846675383317
-7.632697464915562 4.04281633148977
-7.814677533488071 4.374623226651927
-7.898102821224428 4.763674387549019
-8.037352680986933 5.002573476174515
-8.27843883561926 5.2619895347220345
-8.284691627341351 5.26281070159372
-8.368972207780953 5.266735389192515
-8.282843306455677 5.029184152746996
-8.186440516132244 4.697500132793998
-8.001744357798096 4.334432800408878
-7.808768947674967 3.9943145913959865
-7.6134245788561365 3.6286460887446155
-7.501450821213478 3.2347820994360967
-7.452998121345164 2.8149410374197315
-7.634152911121697 2.4907396976785003
-8.145777236160923 2.1400126490998135
-8.2857669041993 2.0294776595652877
-8.63830699972892 1.8621214243467215
-9.018331335238209 1.8615406284906593
-9.376711178983486 1.7190860185297696
-9.728248239261664 1.561315154204535
-9.982313781139489 1.285624151356214
-10.131523985638276 0.9514851621659952
-10.134158670542933 0.5667793068979021
-10.058139846908642 0.17948404287718667
-9.971170275584077 -0.16171838561464646
-9.882777076756648 -0.5292165757958216
-9.684768216530003 -0.8475522068578218
-9.528095454869634 -1.1904617624594351
-9.413619196767065 -1.555048152322633
-9.216221056135302 -1.8784587382867013
-9.021337890650898 -2.2039987828018806
-8.850793163029888 -2.4334346351973517
-8.791588552824663 -2.580922949146795
-8.741406984338733 -2.651931616760617
-8.602856921187295 -2.7517857968912978
-8.378721580429517 -2.8864769874363523
-8.044104244824474 -3.0695548823837644
-7.887403984131043 -3.2801936691577893
-7.770517147960365 -3.5391240366664327
-7.785469931765454 -3.458993900950489
-7.8508438914402845 -3.3011471317819243
-7.832803163553224 -3.4079024748948763
-7.7270492235254755 -3.6160841075297174
-7.695393483024885 -3.9249418170003567
-7.681163457994332 -4.020700231570716
-9.491461478075761 -5.362609247847254
-9.847104707468095 -5.476241860540954
-10.212687356887635 -5.641095160555606
-10.558104595543488 -5.782539593548562
-10.932681419215191 -5.931351875989726
-11.230391286210274 -6.046118200932604
-11.320547823323583 -6.086323061590404
-11.681771896046527 -6.281285495444643
-12.02271123877504 -6.420857395569785
-12.209395322798066 -6.7170419146706095
-12.163345181311128 -6.877643652687931
-11.963768887197991 -7.248083882563312
-11.876140958011012 -7.3259212400919385
-11.833506609064385 -7.320008173071612
-11.476870515948278 -7.231320480292739
-11.091493375405632 -7.155900155210036
-10.623972850714555 -7.147405541866139
-10.323341407869842 -7.355180838182854
-10.179067666945475 -7.71643249070938
-10.299510800047404 -8.06994052470186
-10.545419653440828 -8.35152126689253
-10.823364331866276 -8.591788212566762
-10.88521588488755 -8.739472341110952
-10.804122075663097 -8.940882581294886
-10.698933572957776 -9.003276420732165
-10.387602720760896 -9.029535974266
-10.020857838419177 -8.885344521145207
-9.677064935574453 -8.71662655802629
-9.356321671322746 -8.505620904953076
-9.01625695124985 -8.322481160467248
-8.679681068732634 -8.12178533364501
-8.400530190266068 -7.879305536747908
-8.11317598658043 -7.621328663740701
-7.778287705445554 -7.420274331548971
-7.39008313103761 -7.307448905197842
-7.014057731446946 -7.3641033996480765
-6.637796658001201 -7.45058358376061
-6.299184545968032 -7.618746916479645
-6.080522011112063 -7.928846550022698
-6.071732215576661 -7.963102695162744
-6.071891354250866 -7.962882472788035
-6.070768631273234 -7.963130002189054
-6.070768631273234 -7.963130002189054
-6.070768631273234 -7.963130002189054
-6.070768631273234 -7.963130002189054
-6.067770131736625 -7.960731933178668
-5.981596343854696 -8.086120674473076
-5.946568028802208 -8.129124092652168
-5.854162616439174 -8.20544941504047
-4.487072428245261 -10.717429432680564
-4.369485373837104 -11.079573552658264
-4.27146029668001 -11.450043310736277
-4.1630121728709515 -11.84845711419125
-4.096300053387304 -12.227590691019858
-4.094816933458709 -12.604352037693962
-4.179044426761161 -12.985983213409511
-4.371822195709134 -13.308765267746793
-4.532106157642719 -13.460819993204883
-4.9089050499026525 -13.565552307066486
-5.22687492504706 -13.506890483813986
-5.556990757936515 -13.302704233419913
-5.950850355036284 -13.168573117082978
-6.324470927281503 -13.161970178676476
-6.336915990551584 -13.165819024534928
-6.216525372535456 -13.129673924538018
-6.297976650223207 -13.18194711091816
-6.158751205821424 -13.071966044186052
-6.129764985423021 -13.039499757466917
-6.090359213607227 -13.02350157818686
-6.02018629303533 -13.05915797818755
-5.884764125388365 -13.054370064901194
-5.753039118575009 -13.139655829870668
-5.678784745936666 -13.164778592983954
-5.6147532207858575 -13.236052966234736
-5.4679183516249985 -13.326790867302964
-5.12528978415483 -13.484682601048494
-4.757308699777047 -13.44063317209074
-4.441974773164402 -13.349163918741606
-4.029504394700723 -13.349300548761011
-3.681299301715857 -13.488705822445091
-3.403546692010718 -13.71848341731432
-3.180288756725613 -14.042500699396015
-3.1992422013186914 -14.426921272418564
-3.436551168495239 -14.714078856394709
-3.720894507898708 -14.916045940531884
-4.086196124938685 -15.131436655522585
-4.441862428621168 -15.309594429807085
-4.763140337164545 -15.466416741568663
-4.772681382883824 -15.47366589614656
-4.768977216374636 -15.47252535907408
-4.768977216374636 -15.47252535907408
-4.772326126230024 -15.47212240046239
-4.771069515101902 -15.472273602584124
-4.771383330359349 -15.474881659535754
-4.771383330359349 -15.474881659535754
-4.771383330359349 -15.474881659535754
-4.771122377098391 -15.472712928251525
-4.771122377098391 -15.472712928251525
-4.771122377098391 -15.472712928251525
-4.769254266799462 -15.471174921694391
-4.771311952646976 -15.47122353535632
-5.16855274516913 -15.660040806901211
-5.495419710459931 -15.85042733173869
-5.852076760686666 -16.045680131934596
-6.195360250041915 -16.208992559073387
-6.543661625374066 -16.367182533733843
-6.913093559825047 -16.51997265286626
-7.0699859956176585 -16.578954327876268
-7.081527566757039 -16.584258036154726
-7.194901878674198 -16.63504142449913
-7.281460823150923 -16.74369043188321
-7.287072818368977 -16.892160033959968
-7.191638665183833 -17.00549100162139
-6.825785010213358 -16.969082244112712
-6.456066807597544 -16.850372934513224
-6.1148922014476 -16.688237702560304
-5.766877221560474 -16.500450309911926
-5.417112407141497 -16.30831492025292
-5.093476546442857 -16.13272185989249
-4.7660827723790264 -15.92828547771514
-4.426337437121272 -15.748589185187319
-4.048258616035967 -15.568604805708274
-3.7340154359829527 -15.330836850983932
-3.4234701950112045 -15.057552359564808
-3.1381180805102082 -14.804590392808066
-2.8332975627029664 -14.544172885722016
-2.488329402649549 -14.291087748586957
-2.1500933779734708 -14.230149744860153
-1.7708035114160192 -14.16006518118498
-1.5626122444622377 -14.119229874484803
-1.5349798444995466 -14.107741060467799
-1.1861235168828204 -14.055906070194153
-0.8299480058722795 -14.119928923805821
-0.6127140576800003 -14.352274813966964
-0.5014515795352796 -14.716400809020325
-0.5041029904626271 -15.08382156269997
-0.6048709504285212 -15.419051868748443
-0.9033575712933244 -15.659898883638641
-1.2393377804850454 -15.817357130250961
-1.3301819005488391 -15.917483756817429
-1.3301819005488387 -15.917483756817429
-1.3301819005488391 -15.917483756817429
-1.3301819005488391 -15.917483756817429
-1.3301819005488396 -15.917483756817429
-1.3301819005488391 -15.917483756817429
-1.3301819005488391 -15.917483756817429
-1.3301819005488391 -15.917483756817429
-1.3301819005488391 -15.917483756817429
-1.3301819005488396 -15.917483756817429
-1.3780690633478905 -15.94450284846075
-1.3802629333350942 -15.937016847421159
-1.3804242512019278 -15.939126891211288
-1.4192188948288145 -16.03538480163811
-1.3072094827468197 -16.415073482910074
-1.1315538742245268 -16.754591612441537
-0.860475719221407 -17.067777047971056
-0.4593763121140726 -17.08999940661128
-0.09697921929916342 -16.99897086154994
0.2224122257247787 -16.81326868568084
0.5841139898195573 -16.856823878439346
0.7611088889189865 -17.132072357311635
0.9815776792784225 -17.46112563120887
1.2332971589870132 -17.80233032381602
1.4467446289046588 -18.11790372223561
1.6714168049538873 -18.438252533039183
1.8772048230019438 -18.758848616251647
2.084031510605791 -19.086147646195222
2.2905658097472545 -19.40562152805979
2.4951362603931857 -19.73889061280434
2.658619925799015 -19.98785940248066
2.6584249150886095 -19.98799554805426
2.6164794933038884 -19.934075820964786
2.4844295975737074 -19.70540234946681
2.3437685211032147 -19.502575779690154
2.2598217269963863 -19.277092671355746
2.1017984832265055 -19.067725872509925
1.9340737000954196 -18.870137172202902
1.7316772666652946 -18.65697479357023
1.672341380580077 -18.589074671737556
1.6410242855217048 -18.593838199130506
1.2747558106466128 -18.53921208926375
0.8768061923358106 -18.6257901340159
0.5597597802566567 -18.79750635503337
0.35627636416103137 -19.146691208861263
0.378621244934255 -19.52073207270004
0.5509157810178356 -19.91716781717384
0.771912477748498 -20.23177749891363
0.9713171651517456 -20.571253984103944
1.0614535250330777 -20.810784696482195
1.0672084645162694 -20.78211706728823
1.0529898893193894 -20.779497735588667
0.8862743931632497 -20.64674000918606
0.6583944039928102 -20.33033619744841
0.43964524096769875 -20.016772070713685
0.19001589931751806 -19.69815630286466
-0.09952172220415623 -19.440765818933578
-0.5053670502144749 -19.35234732387775
-0.8801687797344719 -19.416339225175427
-1.2383638265728956 -19.563772069128426
-1.5806219517592193 -19.724678507932904
-1.9423546769067936 -19.88236115809929
-2.307064684820772 -20.09061059364972
-2.670176533556131 -20.297268157355788
-3.0156314817313383 -20.488656632813377
-3.3598503163556774 -20.682239553908857
-3.6777098926451117 -20.896833338812396
-3.9811140748997946 -21.14168929728908
-4.187213600309105 -21.473003915626784
-4.168114164536677 -21.872125425135913
-3.9886869062377834 -22.22953141422796
-3.7771771879664993 -22.56223544237072
-3.698637026497347 -22.69243347366861
-3.7039520214446604 -22.67413773165042
-3.7237356598660334 -22.690795257282588
-4.005092692777081 -22.90211673375014
-4.313144903325682 -22.740302318181676
-4.538991703519287 -22.444639462800705
-4.711932733859223 -22.10155416591148
-4.878998717029171 -21.715304179074643
-4.956210344365406 -21.346865954247484
-4.942795240265392 -20.986099878612634
-4.9821156654919 -20.61180779297406
-5.17537629801026 -20.283405983383954
-5.370474034951375 -19.957375832382603
-5.571226952889871 -19.61340755829419
-5.761532307936981 -19.269188520179448
-5.785744762655325 -19.236824588406137
-5.781381921110325 -19.24383740144306
-5.613097931715094 -19.435967477837856
-5.527078180385499 -19.584280844268157
-5.422146211035774 -19.82146440946873
-5.320375469168645 -20.065328499391878
-5.297954738296758 -20.314141687741458
-5.291138101295978 -20.354343512627253
-5.139810489597351 -20.265161465990573
-5.009664371453074 -20.279145017583055
-4.725101303636123 -20.33683248828528
-4.35932606713024 -20.1846835882953
-4.018237360081377 -20.02071175936285
-3.656648795760719 -19.858050558385344
-3.38187500292776 -19.608761713170168
-3.3839345571360093 -19.201880579883444
-3.4953316928889584 -18.819412889715316
-3.6396480804455686 -18.448491231032683
-3.83703253511079 -18.12406696860718
-3.9790377328894646 -17.727326386129953
-4.153892748662525 -17.395439597163048
-4.255605981062528 -17.24375147872398
-4.270311330390241 -17.28911419183128
-4.191342843454247 -17.237622099218044
-4.133403689082861 -17.228690475257785
-3.9736774814371234 -17.530519877258495
-3.8530990028643144 -17.89509678911046
-3.668829954229394 -18.25092647421917
-3.5149262245816653 -18.582372725961797
-3.3723233674198383 -18.91723220844227
-3.2697271665344525 -19.28859671785633
-3.1188458589507126 -19.64869472490851
-2.9361459483475905 -20.030521799885314
-2.734220736702846 -20.360453725356642
-2.515920570677852 -20.668551425585967
-2.51464199688185 -20.669792615780437
-2.413238894394836 -20.78034795600339
-2.4896396982190465 -20.749469892449486
-2.7287131178331423 -20.649719792744513
-2.7225922461395937 -20.621958857111892
-2.6140185260472624 -20.570888017926983
-2.394749428273917 -20.263374275920015
-2.151548924922839 -19.955474152243497
-1.8051413989670901 -19.739451135995623
-1.468364649407427 -19.54642143573262
-1.1069673962597433 -19.4145703359625
-0.7496324015042315 -19.280510220423903
-0.3848695055863618 -19.3435123841266
-0.08946335213191459 -19.590977088983177
0.15730446654756447 -19.882264053482345
0.3433803914704764 -20.21436684824119
0.5595948144853549 -20.548046316324275
0.837643379008902 -20.812668230167045
0.9309513028944846 -20.853200887984585
1.037988144868594 -20.799036122844814
0.9678533751255745 -20.501519227143838
0.7544305572071109 -20.163949485815863
0.5660383403813163 -19.822352777244568
0.3769942643598927 -19.46722187769797
0.3364400548385984 -19.07917863524657
0.5636318263109747 -18.792016178667097
0.9152109476982835 -18.624072813491747
1.2921989132898068 -18.541219931288676
1.6457870915861275 -18.65820698679769
1.9010982738661308 -18.962977677291473
2.0823039431124224 -19.29288898670307
2.26190935178443 -19.63789172762349
2.497479081313542 -19.953629133022933
2.5943952563026276 -20.094528125525926
2.4968918330826297 -20.186716442266878
2.47945754272043 -20.137232998889218
2.487595034800843 -20.132893898385348
2.4867340290620845 -20.13448468371937
2.4867340290620845 -20.13448468371937
2.4867340290620845 -20.13448468371937
2.4867340290620845 -20.13448468371937
2.4837899652517343 -20.13524697202303
2.4325363577994654 -20.249210023800966
2.8807378500038765 -20.17643767118788
2.884760908702135 -20.175325323536146
3.140136217853695 -20.00983165760423
3.2584638100631547 -19.678696481629423
3.1882025337244393 -19.28816563975645
3.159483942738725 -19.05410568336325
3.160557629563809 -19.055657968496746
3.1605576295638085 -19.055657968496742
3.160557629563809 -19.055657968496746
3.1605561715361725 -19.055737669133684
3.1605561715361725 -19.055737669133684
3.1605561715361725 -19.055737669133684
3.1605561715361725 -19.055737669133684
3.160556171536172 -19.055737669133684
3.1605561715361725 -19.055737669133684
3.1605561715361725 -19.055737669133684
3.1605561715361725 -19.055737669133684
3.1605561715361725 -19.055737669133684
3.1605561715361725 -19.055737669133684
3.115995723938064 -18.778949918733005
3.0563823686469336 -18.389957062224617
3.127101848381457 -18.01351546636785
3.3589847349507975 -17.69751150138515
3.704277153148694 -17.557464046194937
4.059881945056074 -17.483467491009904
4.39397790653887 -17.557781853265574
4.6588611888277685 -17.824513697512693
4.779323883928958 -18.156202268880463
4.892920221537217 -18.517464677785938
4.927440841546675 -18.610882020680588
5.112702883739282 -18.48772907906911
5.122303027147595 -18.14484611253092
5.104164722020635 -17.77656811471948
5.227699482211065 -17.534403456533024
5.2515543527191415 -17.157771509696687
5.050004839030522 -16.825259436896378
4.814761064448909 -16.59289647682688
4.415550226655224 -16.3793639934104
4.154780091688583 -14.821836491671394
4.415190172485524 -14.660563220367614
4.799573425990014 -14.636910486036037
5.17545568572954 -14.693476687807076
5.47495755284057 -14.877822017372687
5.775904578480686 -15.057666967490439
6.041122115749854 -15.218884982125623
6.039794234412845 -15.219384162146348
6.053922995116913 -15.223086027499878
6.287024374882938 -15.230376237243535
6.423410312472395 -15.215589111012543
6.673936913905141 -15.365296751688401
6.843265628764577 -15.6908219759446
7.415497225786652 -17.75342183327645
7.5482037287707815 -17.536406243691633
7.416616573462472 -17.181105988220587
7.214668979952908 -16.835558690793334
7.086285587332515 -16.48011493643211
7.159303924106997 -16.143794589073988
7.39811456091163 -15.83836063537374
7.731373118168111 -15.574603039192521
8.02611788101688 -15.408242320438795
10.435601776834467 -16.385115638540874
10.804912495338677 -16.34301458826015
11.153842537945666 -16.18922663843405
11.466672703909513 -15.991766726781158
11.770727063640464 -15.799050838881854
12.000508460754375 -15.608082571811769
12.020372885259675 -15.633480441713875
12.00369101307544 -15.656017996487003
12.02087612240321 -15.626810299223191
11.989015285825737 -15.614101836698008
11.98849270218582 -15.623530115251675
11.881459853925207 -15.699692117997282
11.576670645381782 -15.925581775666256
11.226918987290562 -16.13843525745094
10.90447543596913 -16.341000446528408
10.506949328126552 -16.460330547081025
10.177731695564173 -16.42510479626661
9.847724984511014 -16.222261565267676
9.603952689007007 -15.89654230907686
9.444719642438944 -15.541448762034626
9.300529054044858 -15.134360626302989
9.12927235541002 -14.764364341849788
9.05545972991111 -14.381144423910584
9.211023259319239 -14.037920441479656
9.349785312271042 -13.9580618365611
9.349093144423096 -13.958495992179493
9.421168685026448 -13.940947675433563
9.766296494805278 -13.81871550363623
10.149755134519314 -13.848387332645745
10.47080113765722 -13.701551212554223
10.60926192502459 -13.64815120297245
10.613046193120244 -13.644790062531525
10.792414567734351 -13.573553897752117
10.991036178498327 -13.418395689048836
10.966105504853822 -13.42992771011483
10.896739498407978 -13.306621756906036
10.900027783799056 -13.282850406979204
8.667172865753884 -13.797907327833858
8.665687361257923 -13.7961730119826
8.664217518524957 -13.795708872510772
8.663989823152253 -13.798037303099484
8.663989823152253 -13.798037303099484
8.614494050301381 -13.765521992953637
8.511860026709154 -13.561784823312848
8.368692412286137 -13.196977297140165
8.28763740595281 -12.818036822105302
8.227032348637463 -12.423763896102134
8.141967197478753 -12.045911815155673
8.079293369272115 -11.897891499859824
8.082687324193621 -11.863896101942768
8.091632349062102 -11.863184078857564
8.068477387229548 -11.872036628110983
8.058165078129234 -11.877197261076038
8.062208821851513 -11.873246766584455
8.029365571851445 -11.705372075847926
8.14446085898189 -11.36870263081878
8.383511321921006 -11.149886225013088
8.368289280267476 -11.09437261838984
8.347731440719494 -11.000232037996469
8.393106866393424 -11.002660733912398
8.080418493075527 -11.189855803352273
7.87919099432901 -11.513661431859163
7.90868856629066 -11.865168569045235
7.994469083565036 -11.970109206408853
8.03694460760475 -12.175539443539387
8.075476329907524 -12.291458326959656
8.102711958070548 -12.396527987726508
8.116289577090555 -12.432237338307335
8.157586572439303 -12.590842754547552
8.242583961104632 -13.01703322942306
8.345897450738903 -13.398916521155016
8.243565981918088 -13.739799214728336
7.938982564374406 -13.966169296719325
7.592168683220855 -14.120101469118383
7.517668629849014 -14.146389559792638
7.388674512993791 -14.22840237721216
7.014284282831234 -14.268193811415717
6.615015559493308 -14.277219418912441
6.233591565937557 -14.23830940492756
5.879022596272645 -14.063681159981865
5.520989505344202 -13.894608248146728
5.304548541605975 -13.810465643997366
4.943062359964308 -13.755728850284028
4.689603977982324 -13.73108100829298
4.499675601489383 -13.715501347871184
4.378379332514328 -13.714946265384114
4.229755860375558 -13.830719434836077
4.1366447567692965 -13.843062269388469
3.783371892677705 -13.863597888391627
3.490260598089037 -14.08783228160383
3.232946832853626 -14.377361462717634
3.038157935622916 -14.663703241291927
2.928820554571388 -15.031305711989432
2.6457549561740556 -15.323164347555396
2.2885755986146314 -15.309212947854029
1.9135304602608585 -15.176199895119264
1.5256905816322082 -15.033256387692942
1.209836150969526 -14.827639427326732
0.9324644801146036 -14.574360665680095
0.7099621849809772 -14.276823671615308
0.5438405702678253 -13.926366920379166
0.39184253120826185 -13.572950537340795
0.517256473889578 -13.236931394949568
0.6209027937395106 -13.117461373923799
0.7866876789584474 -12.929475853638117
1.128447975876533 -12.716551572502597
1.4588661029090595 -12.53830929648963
1.7940134253709772 -12.38011240213251
2.1539421152067533 -12.253000875640012
2.438758974830467 -12.174858291492015
2.5920257958506348 -12.120525793770458
2.6542532862511123 -12.09448718040162
2.95644590787564 -12.00765241960961
3.253568204189044 -12.01148656567186
3.573040510327939 -11.804850789811116
3.801796001538939 -11.504801848609572
4.017239159567374 -11.236140724844846
4.033485269336367 -10.836867776899526
3.9499648539988534 -10.498604573894905
3.8769062597380923 -10.121119440734487
3.8002108975722173 -9.72528728075823
3.679776679174317 -9.380448961292052
3.663631865220271 -9.046316947166101
3.7433828908957487 -8.708728783698705
4.038571334617924 -8.473298618817198
4.298008385612082 -8.210812676805402
4.542960749702797 -7.922674622425056
4.5797637435162635 -7.554019353331695
4.4555393674165344 -7.205407854205763
4.288143387428903 -6.8743117149729365
4.105414616355127 -6.5479051906095265
3.916708261489859 -6.213766936814058
3.9253990218604535 -6.2210067073771596
4.0420445332663455 -6.439332305902985
4.15289978279549 -6.678987061043868
4.275818550464113 -6.9312266706938495
4.37813524545815 -7.1711032883369015
4.465024447637521 -7.427121461543166
4.46333612368835 -7.6878587029897485
4.333131496096847 -7.919206859323344
4.299751003003472 -7.958671097819767
4.567750555293365 -7.841422648302332
4.9302479582297245 -7.738778012886465
5.31274182773101 -7.6609314470162175
5.636529673079679 -7.445636131841297
5.870230008881563 -7.146849719355352
5.886509199178093 -6.750981378395251
5.81311732557722 -6.547207268844144
5.613475334088079 -6.262112762050805
5.406114617807372 -5.949750964438673
5.201044024702814 -5.625556369675569
5.113517876586453 -5.492391483995331
4.928205290981715 -5.163863499608878
4.79592451384001 -4.825986226589728
4.692505238028009 -4.6547204086258365
4.8258060784812 -4.8471334027506074
4.958425688945798 -5.069461034684043
5.078093220602675 -5.276730718641192
5.225317488333662 -5.511361993855262
5.358656262642725 -5.723622909192745
5.473841400061005 -5.9485364908544
5.5951702565509365 -6.176226776081354
5.6966989293156125 -6.417961048656128
5.834625599544438 -6.64332843103981
5.986647146858946 -6.878197741268702
6.004309715945421 -7.1412491445986035
6.034907250407326 -7.11512974213889
6.254681547407081 -7.024415460903176
6.617960852794063 -6.987309334735583
6.944334243638849 -6.835215785693954
7.2427187761415865 -6.595523415544424
7.337065722620967 -6.416983047684678
7.321129304263859 -6.274884897332457
7.1825847877160065 -6.0397349454799425
7.109485536006101 -5.953195574957151
7.026334626451611 -5.635260461512132
6.8252623562310255 -5.303628935487179
6.645726333744971 -4.963989351654268
6.494459263215237 -4.660168619518256
6.456934688834476 -4.534383542558933
6.231224197733777 -4.247551440622907
6.338175135697462 -4.423183621129965
6.501342688101452 -4.635051984605374
6.6364415829500665 -4.853943309489514
6.748507943782037 -5.042566991489487
6.875393288170336 -5.308318480370843
6.966021478640041 -5.50996691623633
7.051018002739109 -5.75735893782138
7.102258788109754 -6.022583332689436
7.039563562530017 -6.353840499788831
6.896841834332243 -6.557144470575727
6.879152498910312 -6.579372362031631
7.251627687206451 -6.48565033995413
7.585165742135175 -6.770719797489502
7.771895256655753 -7.076289081591293
7.952042781507711 -7.389841330263614
8.124716278931881 -7.72260642218758
8.267251886016336 -8.069159247351866
8.427306447859525 -8.404438678965429
8.59686977891382 -8.72413758625392
8.62114840358668 -8.75048204449073
8.614483994783182 -8.744602845755848
8.558994899652511 -8.690867488988353
8.397580120350817 -8.38106959446683
8.27064770455879 -8.028654914738
8.11074544590269 -7.680026819649525
7.948965684800402 -7.352527787261144
7.769629428417851 -7.071864877225417
7.443802237259 -6.878696680414629
7.073721486256698 -6.889831707704891
6.7189467250061945 -6.994718563524305
6.408566894239705 -7.177569330599425
6.371167721251446 -7.544160762652314
6.4675575896662885 -7.909142403379272
6.612363244723198 -8.243720947136339
6.766390328497085 -8.587690642746303
6.956497199097807 -8.89275136878123
7.143908906499373 -9.206410984999595
7.326038266457012 -9.51364221837218
7.492938152829716 -9.872709236036677
7.468403709688108 -9.901274965579987
7.436573278603419 -9.878067838875081
7.434276799761914 -9.876567940935935
7.4180558862183545 -9.866846644526605
7.426980955201653 -9.850601468048827
7.407729069919803 -9.765189779922828
7.3608403547782295 -9.649102427063797
7.251802073561905 -9.41615097019049
7.117128478189546 -9.083897858776915
6.921872946068149 -8.78582326390024
6.749720983748679 -8.46202560742725
6.590313879357163 -8.14531837632497
6.188366251578749 -7.361505956355196
5.949620318801198 -7.056274043747548
5.611985841239168 -6.942132521867058
5.288439932614978 -7.07396037426501
4.99289648630565 -7.314065988490106
4.787791080349354 -7.640609933539458
4.744719228116988 -7.976707467936542
4.904789114588814 -8.326291016078084
5.107592798541871 -8.630197274004676
5.3234563447848195 -8.948847340165184
5.534175475079177 -9.26001365688246
5.687220729827381 -9.557428321793996
5.859118245260451 -9.956973989448125
6.004148910507205 -10.31331423761232
6.015497777142919 -10.325678778867369
5.993203895196473 -10.305529525649396
5.985554840794094 -10.310469118904667
5.992922641466819 -10.31445236086421
5.975772201680266 -10.272805679693644
5.837834934840606 -9.954222283029987
5.687227863596529 -9.623276349657713
5.496835330297316 -9.313436351975879
5.301401873832351 -9.001686608180279
5.1023445693405165 -8.673763613771797
4.937100196343266 -8.367517408209078
4.69818046275652 -8.069166422301114
4.40408882742646 -7.81494969759393
4.036601101776842 -7.877462652896258
3.768939917435036 -8.10138876526755
3.44396514892739 -8.303637062334744
3.1075977393095258 -8.470281812042197
2.7395923743178976 -8.527590348399798
2.4468957589506584 -8.353021501305037
2.177860388296967 -8.092448814371089
1.9201070415893042 -7.818300745326518
1.6717608902916012 -7.514631409870168
1.4484881982682332 -7.196934508388502
1.293306298288595 -6.885863497649947
1.2918077785760431 -6.882103607806577
1.2933831652307326 -6.881296334466729
1.2922434782526544 -6.881880342786484
1.2794951833994084 -6.855525117684078
1.2802033044083672 -6.854644340512667
1.283220330385804 -6.858050889914676
1.2821823863321526 -6.8585824262166675
1.2831216610436407 -6.85810141897457
1.2831216610436424 -6.85810141897457
1.1182304714777231 -6.518929931864692
0.9263605811693125 -6.298437171420364
0.7800864674568242 -5.955179881499777
0.564268312911679 -5.6646826264133985
0.558679619243506 -5.610778427005954
0.5590414736231892 -5.621709077629216
0.5589398059697963 -5.5777666680953395
0.5448337360060407 -5.551187893764338
0.2983226813615012 -5.424670403098576
0.31462238252381525 -5.024581481835709
0.2826068329732614 -4.638494483556146
0.2552150039035759 -4.246638995172955
0.2351319712685509 -4.135568544585375
0.1945756238721934 -3.882560698113929
0.15661872908719232 -3.5702288256992514
0.20530693579683046 -3.20469077939595
-0.010389750560486632 -2.8745802097589532
-0.009296210041981112 -2.688447203085973
0.017208121840383228 -2.677066203780786
0.06518230804157454 -2.5602577232248223
0.08892252017391655 -2.5773175674473396
0.08767837810504986 -2.577331546453541
0.07728179745141617 -2.6224246221725434
0.12180661992962172 -2.815156720164934
0.11125475565139453 -2.9203715516581816
0.09312404205403624 -2.815680553899867
0.117084050431977 -2.560692352186159
-0.24959004439165255 -2.2905150248037582
-0.33807176142693507 -1.9179144226939258
-0.46727762749493884 -1.7203647597548706
-0.4705868731852245 -1.7228869868127124
-0.4412995934069155 -1.8066070568868575
-0.4502143160976022 -1.820446391607815
-0.4597960770601599 -1.743898947609523
-0.3921215903369202 -2.114612995482693
-0.17347180999131417 -2.54313577891841
-0.07833300573308932 -2.9333857708239606
-0.017598277694260034 -3.1382680543603385
-0.010215483027256056 -3.1607582105418803
0.003774556233970827 -3.2059966933617137
0.7261176527322277 -3.7713263472151812
0.4962837696652507 -4.1042416579600935
0.1526395729576393 -4.203539806958511
-0.19512420008678077 -4.053930924046615
-0.5919856686274692 -3.929890535262949
-0.5871117500004139 -3.938422281699596
-0.8762482231030368 -3.8887652755103668
-3.2323771046280623 -4.341339561358927
-3.7189209677896997 -4.169763218320094
-4.09725574481492 -4.099514218409853
-4.40711081480802 -4.046213832575608
-4.776625306979199 -3.9669433305897073
-5.16750643611331 -3.8655675554775994
-5.377899511792386 -3.7765776651405005
-5.67695369644359 -3.593411608371002
-5.990202362444704 -3.395715095174384
-6.398534496822375 -2.8159467887816705
-6.43161386038609 -2.517869601576402
-6.249302652421804 -2.1476438138839384
-6.009424314541109 -1.7668331285116183
-5.765694147425847 -1.457151222806929
-5.427808316346196 -1.2867285000893585
-5.282330811135809 -2.0937599937301385
-5.0699691777144835 -2.12843050496339
-5.122149687094604 -2.1131913088817313
-5.424018704305363 -2.0992999835567616
-5.4516322400589825 -1.1096776559941874
-5.700464985991617 -0.9828709456927562
-5.828371124391644 -0.8908440082187052
-5.850440543249144 -0.9632898626266524
-5.917525592332398 -1.3099931319760865
-6.040090504794579 -1.6585796063221991
-6.1183836897715675 -2.026312057654838
-6.112186970557968 -2.4184186924556927
-5.968877420694641 -2.788469706459564
-5.70730109752143 -3.062851203015634
-5.331743517837001 -3.2252804981488854
-4.964338348937957 -3.3169321199796737
-4.6207862374739666 -3.4124646175391202
-4.245746412125598 -3.508907530313449
-3.8629273900320413 -3.621377161455138
-3.505946115304779 -3.7073754383341067
-3.265466877280181 -3.9593336938057426
-2.9379922404993266 -4.08749665790211
-2.7235507696489023 -4.160190703444504
-2.647855173488278 -4.185979085723812
-2.3366273462597356 -4.339765899108306
-1.9827209642470116 -4.4475611808201245
-1.9284479771462912 -4.492166874058254
-1.9284750597422438 -4.492159580462408
-1.9282070367735358 -4.492231761549289
-1.6991087173803052 -4.558689435941461
-1.3424813139862124 -4.670838025090465
-0.9517402947749645 -4.683270782287125
-0.579476521030255 -4.6229280451108385
-0.2511822192009703 -4.579775382360789
0.07749779880267127 -4.383716932983552
0.37271608699975545 -4.126424111226659
0.6220865818731411 -3.721904478193964
0.7822476940603309 -3.38627921149937
0.9542585866046132 -3.0776115813638336
1.0704321998234008 -2.733440687274186
1.1549795251713633 -2.3569662736411168
1.2801587545986202 -1.9885399092796217
1.4399875065044867 -1.6395620188874211
1.458415129854842 -1.0331318124813613
1.633792613143875 -0.7400435027447667
1.7896429468539417 -0.4010064094423491
1.9175279118943358 -0.0568191550323256
2.0726940648842955 0.28097342153442817
2.233073107180047 0.588707805657199
2.4191548380994625 0.8756111240818729
2.5725476790133612 1.2202256368312394
2.664747728086155 1.5823310490579363
2.1862931948121727 4.532868702971477
1.8275703096286335 4.642355471098238
1.3454113980012323 4.728232323381121
0.9764384633759171 4.741033104642895
0.7319017171547486 4.686127526494419
0.7256379051712756 4.652978294455634
0.4955509084357814 4.603610693963347
0.18022507042323355 4.408400402352701
-0.12816016275359132 4.142946135785003
-0.20856725616864935 4.138613810970325
-0.15855487449618622 4.18362634310445
-0.20050918903277193 4.189175057928452
-0.1662633314031865 4.108204677151251
-0.08748397526899154 4.136119247969525
0.11526675742488024 4.332381804943447
0.2773534199715506 4.69008380804598
0.6016548677777891 4.843284812753506
0.9480685564501172 4.978644965911288
1.2228915593578904 5.28463922504608
1.3700820857508198 5.615544870039001
1.521213910787985 5.96890889459627
1.670727994664368 6.320983546807538
1.8138295458143396 6.677577381623793
1.772095403593255 7.010841528868749
1.6547681129763845 7.089028787387706
1.310840193687266 7.226653949990828
0.9785630731436541 7.385589606709427
1.078180205392755 7.3388510794966155
1.3091790207969325 7.228405298822228
1.5616978827536485 7.101628545540704
1.8022252880377678 6.997379223390579
1.8282961128650008 7.004690183568284
1.8154416830165552 7.0108291832614675
1.8627699019353336 6.984690131208616
2.105044383579525 6.817316595975319
2.337443114074638 6.459791104744506
2.522261420687194 6.3038835200356615
2.7984804967655172 6.310675838898883
3.145620144833675 6.409597059378038
3.516498353158731 6.469476607860205
3.920762760460722 6.408764904878778
4.320196086755722 6.305355191462667
4.677811075881035 6.195130820931544
5.0366002073080125 6.059268116877041
5.42613759670353 5.904221679831373
5.757395500322229 5.734898516185021
6.115618586732797 5.58856424409767
6.494808647471974 5.4866289270428705
6.869578491010213 5.334571825269249
7.146526745398937 5.090868222338441
7.082703648053737 4.7330946903068725
6.743913249189216 4.595568821973812
6.442551410451156 4.661494126780594
6.338845778891372 4.531353304646501
6.292886077061379 4.261970502862379
6.140934248353101 3.8714189072268272
5.957586236233869 3.5207408667293265
5.727786236984258 3.2157258397672486
5.515355985769379 2.89060760588457
5.346759372429428 2.544951929539117
5.430014732812413 2.1084609866505346
5.738578957747553 1.85839390241882
5.6156476131509265 1.912264817022221
5.368398993059934 2.017997245867573
5.301922780580661 2.018131747572795
5.308737366858757 2.000897066936963
5.314150330184788 2.022109324422919
5.10055902049109 2.1388392661811757
4.715146110693233 2.167915438080632
4.3676757750796895 2.204853793695456
3.9896884493232463 2.2596176015602634
2.611431657832753 2.205787621651236
2.3533276227611566 2.0280534262901764
2.455751639094295 2.2521607677641438
2.5711377326082676 2.5427708501241852
2.64564228380895 2.723338577520452
2.55584961144487 2.7425803639399264
2.3843546754689733 2.807547678506955
2.20141838869662 3.050703387493397
2.196714466236674 3.427398661672842
2.2940199018189453 3.708255456356026
2.381534296067798 3.743730596952094
2.680994167799863 4.008859861291635
3.044175047794237 3.991318753639092
3.4021510419077465 3.856163756254091
3.7519270523692683 3.7067778256252186
3.9417951225584886 3.5610470240242753
3.9476074723712316 3.5652277772676504
3.6884095700327677 3.4594454212662944
3.3049997931123976 3.411297195410114
3.1604629793418404 3.4028960820621634
3.160760758333076 3.400507127774569
3.1536383960937755 3.3963008728049724
2.77890713159384 3.273555212817757
2.406515244469464 3.29618908368347
2.0271116503243647 3.0122461483560916
1.6993996477603233 2.9771638348007965
1.393543121175366 2.7659950080025224
1.189801143770584 2.513124918381923
0.8967010473843224 2.2163313703148617
0.6590804613834145 1.9381684788174098
0.3993964202029012 1.743940500555123
0.19178116280462731 1.514112390713633
0.19133586382262635 1.513674288252549
0.006394471056246687 1.3092184131585514
-0.32937822134169537 1.2061397895354729
-0.6769123586025785 1.0010777298257718
-0.8375578817536571 1.1661364606979756
-0.8380141524298494 1.167526129796637
-0.9848145183976946 1.1002665132138043
-1.015181176504619 0.7525171902722683
-0.803859462308413 0.504527082833083
-0.5707693225540353 0.294645361138393
0.02616904933589126 -0.2185303910292049
0.3417021754361542 -0.6138313217268232
0.4751897790746966 -1.1022556437159636
0.4657270015830157 -1.525147621422116
0.21542346510091193 -1.7655477823557781
0.004234937233174918 -2.0286722050515964
-0.22168873603252592 -2.3067910084310608
-0.07753932694117793 -2.2160847175691822
-0.12920621530081533 -2.2358812553589305
-0.06024354239536578 -2.2708329684264923
-0.06757417265569998 -2.2702462231686695
-0.013739172233862007 -2.2748744524835276
0.0743111508330685 -2.2311103190311554
0.3083951292940732 -2.1244504557030828
0.5461924150455104 -2.0415610712651517
0.8022442989383087 -1.9914866542146399
1.0751294608463873 -2.037508506342011
1.1333123444515394 -2.0836561891003456
1.1638739566118446 -2.0886327381577727
1.1728123636869086 -2.0732906379457976
1.2300670775151197 -2.0003962574245477
1.2693606219260403 -1.914891689163623
1.3495273058615709 -1.829662826276115
1.4298293310635515 -1.5089331581674053
1.492898734763635 -1.3100347769029472
1.4910846814028993 -1.3150202938442952
1.4986847584415415 -1.2790645930764661
1.4895353068156147 -1.2624707592373916
1.4900403489046496 -1.262285881369408
1.4900403489046496 -1.262285881369408
1.4723237337807689 -1.258059694103661
1.442160959506971 -1.3146936990855682
1.5128502259611523 -1.3240447984980026
1.6311987482934498 -1.2546744770376392
1.6315006446678062 -1.2546068438231455
1.6406868719110044 -1.2379476304754178
1.6503304769691418 -1.2337262469766532
1.7480576171683992 -1.1968239363425361
1.90454662026508 -1.1042932961010479
1.9362021482914251 -1.0879647634190999
1.6751873221843994 -1.1693887143722659
1.490810901871214 -1.3536066989628956
1.3296962778736763 -1.541764999391809
1.1025026153131279 -1.6845803145156673
0.9023125489057584 -1.8093106468113707
0.6497481744341371 -1.8031976827725043
0.46896609125136024 -1.7470447417639257
0.458451670886042 -1.7584589421666568
0.4552386169751337 -1.760989050194361
0.4540258663274557 -1.7673720579035752
0.4550741918721428 -1.7634648620586226
0.4578557599281332 -1.7592869872869912
