14.5
15.4
16.3
18.8
20.8
21.0
21.1
21.1
21.3
22.0
22.2
22.2
22.3
22.6
22.6
22.7
22.9
23.1
23.5
24.1
24.5
24.6
24.8
25.0
25.3
25.5
25.5
25.8
25.9
25.9
26.0
26.1
26.1
26.1
26.2
26.3
26.3
26.4
26.4
26.5
26.7
26.7
26.7
26.8
26.8
26.9
27.1
27.2
27.3
27.4
27.4
27.5
27.5
27.6
27.6
27.7
27.9
27.9
28.0
28.1
28.1
28.1
28.1
28.2
28.2
28.3
28.4
28.4
28.5
28.7
28.7
28.8
28.8
29.0
29.0
29.1
29.1
29.2
29.2
29.2
29.2
29.2
29.2
29.2
29.3
29.3
29.3
29.4
29.5
29.5
29.5
29.5
29.5
29.6
29.6
29.6
29.6
29.6
29.7
29.7
29.7
29.8
29.8
29.8
29.8
29.8
29.8
29.9
29.9
30.0
30.0
30.0
30.0
30.0
30.0
30.0
30.0
30.1
30.1
30.1
30.1
30.1
30.1
30.2
30.2
30.2
30.2
30.2
30.2
30.3
30.3
30.3
30.3
30.3
30.3
30.3
30.4
30.4
30.4
30.4
30.5
30.5
30.5
30.6
30.6
30.6
30.6
30.7
30.7
30.7
30.8
30.8
30.8
30.8
30.9
30.9
30.9
31.0
31.0
31.0
31.0
31.0
31.0
31.0
31.1
31.1
31.1
31.1
31.1
31.1
31.1
31.2
31.2
31.2
31.2
31.2
31.3
31.3
31.3
31.3
31.3
31.3
31.3
31.3
31.4
31.4
31.5
31.5
31.5
31.5
31.6
31.6
31.6
31.6
31.7
31.7
31.7
31.7
31.7
31.8
31.8
31.8
31.8
31.8
31.9
31.9
31.9
31.9
31.9
32.0
32.0
32.0
32.0
32.0
32.0
32.0
32.0
32.0
32.1
32.1
32.1
32.1
32.2
32.2
32.2
32.2
32.3
32.3
32.3
32.4
32.4
32.4
32.5
32.5
32.5
32.5
32.5
32.5
32.6
32.6
32.6
32.6
32.6
32.6
32.7
32.7
32.7
32.7
32.7
32.7
32.7
32.8
32.8
32.9
32.9
32.9
32.9
32.9
32.9
33.0
33.0
33.0
33.0
33.0
33.0
33.0
33.1
33.1
33.1
33.1
33.1
33.1
33.1
33.2
33.2
33.2
33.2
33.2
33.2
33.2
33.2
33.2
33.2
33.3
33.3
33.3
33.3
33.3
33.3
33.4
33.4
33.4
33.4
33.4
33.5
33.5
33.5
33.5
33.5
33.5
33.5
33.5
33.5
33.6
33.6
33.6
33.6
33.6
33.6
33.6
33.6
33.6
33.6
33.6
33.6
33.7
33.7
33.7
33.7
33.7
33.7
33.7
33.7
33.8
33.8
33.8
33.8
33.8
33.8
33.8
33.8
33.8
33.9
33.9
33.9
33.9
33.9
33.9
33.9
33.9
34.0
34.0
34.0
34.0
34.0
34.0
34.1
34.1
34.1
34.1
34.1
34.1
34.2
34.2
34.2
34.2
34.2
34.2
34.2
34.3
34.3
34.3
34.3
34.3
34.4
34.4
34.4
34.4
34.5
34.5
34.5
34.5
34.5
34.5
34.6
34.6
34.6
34.6
34.6
34.7
34.7
34.8
34.8
34.8
34.9
34.9
35.0
35.0
35.0
35.0
35.1
35.1
35.1
35.2
35.2
35.2
35.2
35.2
35.2
35.2
35.2
35.2
35.2
35.3
35.3
35.3
35.3
35.3
35.4
35.4
35.4
35.4
35.4
35.4
35.5
35.5
35.5
35.5
35.5
35.5
35.5
35.5
35.5
35.5
35.5
35.6
35.6
35.6
35.6
35.6
35.6
35.6
35.6
35.7
35.7
35.7
35.7
35.7
35.7
35.7
35.7
35.7
35.8
35.8
35.8
35.8
35.8
35.9
35.9
35.9
35.9
35.9
36.0
36.0
36.0
36.0
36.0
36.0
36.0
36.0
36.0
36.1
36.1
36.1
36.1
36.2
36.2
36.2
36.2
36.2
36.3
36.3
36.3
36.3
36.3
36.3
36.3
36.4
36.4
36.4
36.4
36.4
36.4
36.5
36.5
36.5
36.5
36.6
36.6
36.6
36.6
36.7
36.7
36.7
36.7
36.7
36.7
36.7
36.8
36.8
36.8
36.9
36.9
36.9
36.9
36.9
36.9
36.9
37.0
37.0
37.0
37.0
37.0
37.0
37.1
37.1
37.1
37.1
37.1
37.1
37.1
37.1
37.1
37.1
37.2
37.2
37.2
37.2
37.3
37.3
37.3
37.3
37.3
37.3
37.3
37.3
37.3
37.3
37.3
37.3
37.3
37.4
37.4
37.4
37.4
37.4
37.4
37.4
37.4
37.5
37.5
37.5
37.5
37.5
37.5
37.6
37.6
37.6
37.6
37.6
37.7
37.7
37.7
37.7
37.7
37.7
37.8
37.8
37.8
37.8
37.8
37.8
37.8
37.8
37.8
37.8
37.8
37.9
37.9
37.9
37.9
37.9
37.9
37.9
37.9
37.9
38.0
38.0
38.0
38.0
38.0
38.0
38.0
38.0
38.1
38.1
38.1
38.1
38.1
38.1
38.1
38.2
38.2
38.2
38.2
38.2
38.2
38.2
38.2
38.2
38.2
38.2
38.3
38.3
38.3
38.3
38.3
38.3
38.3
38.4
38.4
38.4
38.4
38.4
38.4
38.4
38.4
38.5
38.5
38.5
38.5
38.5
38.5
38.5
38.5
38.5
38.6
38.6
38.6
38.6
38.6
38.6
38.6
38.6
38.7
38.7
38.7
38.7
38.7
38.7
38.7
38.8
38.8
38.8
38.8
38.9
38.9
38.9
38.9
38.9
38.9
38.9
38.9
38.9
38.9
38.9
39.0
39.0
39.0
39.0
39.0
39.0
39.0
39.0
39.1
39.1
39.1
39.1
39.1
39.1
39.1
39.2
39.2
39.2
39.3
39.3
39.3
39.3
39.3
39.3
39.3
39.3
39.3
39.3
39.4
39.4
39.4
39.4
39.4
39.4
39.4
39.5
39.5
39.5
39.5
39.6
39.6
39.6
39.7
39.7
39.7
39.7
39.7
39.7
39.7
39.7
39.8
39.8
39.8
39.9
39.9
39.9
39.9
39.9
39.9
39.9
40.0
40.0
40.0
40.0
40.0
40.0
40.0
40.1
40.1
40.1
40.2
40.2
40.2
40.2
40.2
40.2
40.3
40.3
40.3
40.3
40.3
40.4
40.4
40.5
40.5
40.6
40.6
40.6
40.6
40.7
40.7
40.7
40.7
40.7
40.7
40.7
40.7
40.7
40.8
40.8
40.8
40.8
40.9
40.9
40.9
40.9
40.9
40.9
41.0
41.0
41.0
41.0
41.1
41.1
41.1
41.2
41.2
41.2
41.2
41.3
41.3
41.3
41.4
41.4
41.4
41.4
41.5
41.5
41.6
41.6
41.6
41.6
41.6
41.6
41.7
41.7
41.7
41.7
41.7
41.7
41.8
41.8
41.8
41.8
41.8
41.9
41.9
41.9
41.9
41.9
41.9
41.9
41.9
41.9
41.9
41.9
41.9
42.0
42.1
42.1
42.1
42.2
42.2
42.2
42.3
42.3
42.3
42.3
42.3
42.3
42.3
42.4
42.4
42.5
42.5
42.6
42.6
42.6
42.6
42.7
42.7
42.7
42.8
42.8
42.9
42.9
42.9
43.0
43.0
43.0
43.0
43.0
43.0
43.1
43.1
43.1
43.1
43.2
43.2
43.2
43.2
43.2
43.2
43.2
43.2
43.3
43.3
43.3
43.3
43.3
43.4
43.4
43.4
43.4
43.5
43.5
43.5
43.5
43.6
43.6
43.6
43.6
43.6
43.7
43.7
43.7
43.7
43.7
43.8
43.8
43.8
43.8
43.9
43.9
43.9
43.9
44.0
44.0
44.1
44.1
44.1
44.1
44.1
44.2
44.2
44.2
44.3
44.3
44.3
44.3
44.4
44.4
44.4
44.4
44.4
44.4
44.5
44.5
44.5
44.5
44.6
44.7
44.7
44.7
44.7
44.7
44.7
44.7
44.8
44.8
44.8
44.8
44.8
44.8
44.9
44.9
44.9
44.9
44.9
45.0
45.0
45.0
45.0
45.0
45.0
45.0
45.1
45.1
45.1
45.1
45.2
45.2
45.2
45.2
45.2
45.3
45.3
45.3
45.3
45.3
45.3
45.3
45.4
45.4
45.4
45.4
45.4
45.4
45.5
45.5
45.6
45.6
45.6
45.7
45.7
45.8
45.8
45.8
45.8
45.9
45.9
45.9
45.9
45.9
45.9
45.9
45.9
46.0
46.0
46.0
46.0
46.1
46.1
46.1
46.1
46.2
46.2
46.2
46.2
46.4
46.4
46.4
46.4
46.4
46.4
46.4
46.5
46.5
46.5
46.5
46.6
46.6
46.7
46.7
46.8
46.8
46.8
46.8
46.8
46.8
46.9
46.9
47.0
47.0
47.0
47.0
47.0
47.1
47.2
47.3
47.3
47.4
47.4
47.4
47.4
47.4
47.4
47.4
47.5
47.6
47.6
47.8
47.8
47.8
47.8
47.9
48.0
48.1
48.2
48.3
48.3
48.5
48.6
48.7
48.7
49.3
49.5
49.9
50.2
50.5
50.9
51.1
51.2
51.3
51.3
51.3
51.4
51.5
51.7
51.9
52.0
52.2
52.3
52.5
52.5
52.6
52.8
53.2
53.5
53.6
53.6
53.9
54.0
55.0
55.6
55.7
55.8
56.0
59.3
62.4
62.7
89.7
120
130
132
172
175
181
186
189
193
219
289
