(-6.1858351419767565, -7.216737625021487, -168.97214622524604)	2.31	42.1
(-6.1858351419767565, -7.216737625021485, -168.97214622524604)	4.69	31.2
(-6.1858351419767565, -7.216737625021486, -168.97214622524604)	3.33	35.2
(-6.1858351419767565, -7.216737625021486, -168.97214622524604)	1.20	35.7
(-6.1858351419767565, -7.216737625021486, -168.97214622524604)	4.60	40.6
(-6.1858351419767565, -7.216737625021486, -168.97214622524604)	1.32	36.1
(-6.1858351419767565, -7.216737625021486, -168.97214622524604)	3.55	39.4
(-6.1858351419767565, -7.216737625021485, -168.97214622524604)	1.59	22.0
(-6.1858351419767565, -7.216737625021487, -168.97214622524604)	4.14	26.7
(-6.1858351419767565, -7.216737625021487, -168.97214622524604)	3.09	36.3
(-6.1858351419767565, -7.216737625021486, -168.97214622524604)	1.31	33.7
(-6.1858351419767565, -7.216737625021486, -168.97214622524604)	4.82	44.1
(-6.388004346128202, -7.207738711132307, -179.5673391156235)	1.39	46.7
(-6.691737294816869, -7.023883126253016, 127.18591042478026)	2.23	33.5
(-6.8680563124940495, -6.685927161250905, 116.0721507669296)	1.69	22.2
(-6.971483313781603, -6.317046196663575, 98.27946788264185)		44.2
(-8.277152671365833, -4.8682113374554365, 152.59860103270577)	1.89	33.5
(-8.424958389098082, -4.649763650435661, 96.98535916603551)	2.69	32.8
(-8.383205101405606, -4.5194370413089135, 71.42229811412065)	2.65	130
(-8.384071065130188, -4.517610097014119, 71.19071104649004)	2.91	40.1
(-8.384071065130188, -4.517610097014119, 71.19071104649004)	2.72	34.4
(-8.367283313625366, -4.465433210231083, 64.6928755023919)	3.22	28.4
(-8.253161465712253, -4.39440061147857, 31.039315208102874)	1.85	48.0
(-7.909389758430013, -4.214984112411445, 40.94599132383482)	2.62	29.5
(-7.798848863480764, -4.082326204015546, 71.75151366192527)	1.44	38.8
(-7.790366843305938, -3.8166304338782933, 99.66560681900114)	1.42	30.9
(-7.938480877364392, -3.4519975964747607, 114.49375940384674)	3.77	31.7
(-8.149682783385439, -3.136416844775253, 132.49650847816292)	5.00	120
(-8.39882595280724, -2.8339540283828786, 131.30945871059416)	1.24	36.9
(-8.627182940780509, -2.5320943773385505, 131.08466718490575)	4.87	33.1
(-8.788399309424811, -2.20119870374584, 95.99092819580235)	2.69	26.3
(-8.767469835024038, -1.8253766256817432, 89.17445710390632)	4.89	29.8
(-8.784209080708202, -1.428136282667655, 103.23131874994746)	33.0	30.8
(-8.868744710864334, -1.0669838240895126, 108.49697463302863)	6.04	33.0
(-9.089731645847607, -0.800085516597516, 168.37405377061353)	2.85	31.7
(-9.508235228241361, -0.8857070310405541, -130.893267223108)	5.39	33.2
(-9.631796241818323, -1.273659651068897, -85.87776383288391)	3.03	32.5
(-9.619641775127388, -1.7068756763704416, -92.67438151350004)	7.13	30.0
(-9.615733198157361, -2.106339325833579, -91.99149334963445)	5.51	33.6
(-9.633498845739005, -2.5047302121388553, -97.26589156501753)	3.11	36.2
(-9.706662772968816, -2.8931497037248137, -111.09382194147732)	8.84	41.9
(-9.910386062884387, -3.245968959554121, -128.47538176187047)	4.56	33.2
(-10.174333469358055, -3.511894719023596, -147.72706050179073)	4.82	20.8
(-10.530274342888548, -3.6888195359467506, -151.05035150245303)	2.68	34.2
(-10.904185724792375, -3.856514252851456, -158.55380368076231)	2.70	37.4
(-11.2638277294308, -3.9830185283464896, -158.5997441038046)	5.24	39.4
(-11.64471285842668, -4.121348024707929, -158.83421446441676)	5.91	28.4
(-12.001921731267847, -4.212882053252573, -170.76271983106278)	3.10	38.0
(-12.36462793437547, -4.180487735491619, 135.46036065994622)	2.95	29.9
(-12.449744339286655, -4.065468556965023, 76.38801034004872)	2.50	26.2
(-12.30880275806477, -3.711846879224262, 53.49990163327489)	3.14	26.4
(-12.087836520049631, -3.4890112499070343, 61.10549575820345)	2.94	27.9
(-12.042133570905344, -3.350820293333106, 96.79113762003297)	1.68	36.9
(-12.015298969725727, -3.5503625416079307, 95.34758634037534)	3.32	33.6
(-11.97030631950915, -3.520980134515286, 41.82307135876966)	3.61	39.3
(-11.63800413490898, -3.414745620769616, 7.730366538643576)	4.67	30.5
(-11.261373645312075, -3.328277441122875, 14.518082723623525)	11.1	31.3
(-10.888294545744944, -3.251597965986634, 14.111843164148477)	2.60	45.0
(-10.520487721936403, -3.1593396461351615, 14.1693837276888)	11.3	33.2
(-10.164714863215547, -3.0333222486554874, 24.84349809729082)	3.09	37.7
(-9.83489606137027, -2.85696863796652, 41.4468309998592)	3.24	27.1
(-9.68601395206342, -2.5393218531616615, 100.73107032876989)	1.54	37.3
(-9.783432340145328, -2.1841533841782628, 122.45669585688464)	3.14	42.3
(-9.926166012863364, -1.820292506015547, 123.65072830201476)	2.98	35.7
(-10.214237503649425, -1.5496979942320843, 131.75282832794792)	4.17	32.3
(-10.543622530530167, -1.281892515589564, 145.99719098303711)	3.85	31.0
(-10.878583244768675, -1.0702925590502348, 146.54091478264687)	21.7	40.7
(-11.166473961017283, -0.8434223504794423, 155.67890536086878)	89.7	29.7
(-11.506856645127575, -0.6809519183551567, 166.72222842367006)	3.28	34.4
(-11.899600187607625, -0.6112365416347822, 173.99120342678245)	2.31	34.6
(-12.287377164081953, -0.623658183507307, -174.82793639725466)	14.8	32.9
(-12.684116018307861, -0.6780345178559637, 167.2803626477418)	25.0	40.3
(-13.028550080924987, -0.49478600662010486, 115.03100467139171)	4.95	33.4
(-13.087838020980456, -0.38895084349822806, 54.63478358724697)	3.12	39.4
(-12.90323618377807, -0.1807879784358768, 44.57359244225388)		181
(-11.908472332568651, 0.13857574465025735, 14.671184548681008)	1.69	29.0
(-11.908472332568651, 0.13857574465025735, 14.671184548681008)	1.86	25.3
(-11.697264413531036, 0.18541958034033001, 15.045750154428834)	1.58	31.7
(-11.33079958772545, 0.29254601634953215, 17.387294822344977)	2.97	21.0
(-10.969905342139528, 0.46578938874032616, 33.93219630822893)	1.48	26.8
(-10.75257845352233, 0.7538575312980056, 84.5388889648905)	6.04	38.9
(-10.701889083648727, 1.1281981896477733, 88.1972718927376)	1.43	32.4
(-10.770190504080336, 1.4921740615246586, 114.01030626433717)	8.29	32.6
(-11.058591052817418, 1.7844800998751484, 147.16416652071715)	3.51	34.3
(-11.387238777189117, 1.926694793039922, -170.81908826901312)	3.90	41.9
(-11.832514799012886, 1.8025623510040374, -166.35046641862687)	2.13	37.9
(-12.156140944149707, 1.720577399058663, -168.4781977464531)	4.08	34.2
(-12.485206142140813, 1.6607065772401128, -166.25791795586517)	148	36.4
(-12.844560279483213, 1.5054296494933794, -159.15610079380448)	3.93	39.9
(-13.230778077388305, 1.4660375245852473, -153.16334324776858)	9.32	34.7
(-13.561674060056358, 1.3014669835428867, -163.85632670911244)	35.1	38.9
(-13.91798899153123, 1.09535710267064, -159.4080517443104)	68.6	45.6
(-14.26997076030587, 0.894977101003013, -158.28184228593105)	57.8	34.5
(-14.674109170649047, 0.791177051915338, -157.28428620971275)		38.0
(-14.166934312703459, 0.9558820885422561, -156.44910122214245)	1.42	31.3
(-13.927381797290206, 1.052192195052795, -156.43021950786286)	1.37	36.6
(-13.653156506795579, 1.1701897219207327, -159.00124307315795)	1.41	38.9
(-13.386952102043598, 1.253465741588025, -155.22805374635044)	3.66	33.6
(-13.159463691050629, 1.4132559313542385, -151.72762872564556)	1.46	33.8
(-12.922760540780889, 1.53600694563261, -160.51700759570957)	1.26	36.0
(-12.688174488713567, 1.6233268537300916, -157.10961624612216)	2.88	22.7
(-12.444824500596058, 1.7704626080149968, -156.19223619437304)	2.82	42.3
(-12.206147295651196, 1.8578535063771344, -155.6485034026352)	1.29	32.6
(-11.921607589387486, 1.926763614765325, -169.499984277206)	2.88	37.3
(-11.662494246609077, 1.9936671166634508, -169.00952533980745)	2.95	36.7
(-11.373578946022153, 2.05218537516253, -176.95708250110863)	2.86	41.2
(-11.149579674976865, 2.059566008139223, 159.27839061752545)	4.27	35.7
(-11.016652983333593, 1.9562127369190776, 120.58008904456462)	3.21	29.3
(-11.101972763109764, 2.294403365554696, 72.7940537163696)	2.57	30.4
(-10.94952853126964, 2.595263017243079, 51.85121024340012)	2.59	37.9
(-10.776788096461612, 2.9202919789476365, 81.98640958658034)	3.43	30.3
(-10.7226574089343, 3.2252892938130873, 98.88051592258361)	2.74	35.5
(-10.711234273098711, 3.494659599187523, 101.18284046678272)	2.86	36.0
(-10.689144095180549, 3.851371025645531, 122.37353788038126)	1.33	32.3
(-10.860201141333514, 4.159478266650429, 121.96573545854342)	2.83	38.3
(-10.956950582192501, 4.295954956128469, 122.10668626065932)	1.35	28.2
(-10.977745600171136, 4.321960894892037, 159.9996103067351)	2.80	42.9
(-11.07931750673547, 4.348206690153646, 173.21843136383825)	1.91	15.4
(-11.147816722351113, 4.361290271278934, 177.4220775149285)	2.83	30.2
(-11.046669733502425, 4.372881187687478, -175.9584065206029)	2.88	16.3
(-11.043778022922242, 4.373122843909027, -159.94373839284293)	2.89	37.6
(-10.987862104176259, 4.399035033230422, -132.4959301525914)	3.33	22.3
(-11.003098691251488, 4.437055398712081, -102.81848887646291)	2.59	33.9
(-11.015917486089805, 4.416680633119817, -52.88715322112123)	3.15	28.1
(-10.93202727133831, 4.316519810670409, -49.616457175787914)	2.57	32.0
(-10.719201966458943, 4.011256674059531, -63.454840950692464)	2.58	28.1
(-10.54218538922568, 3.6489786163397517, -71.84548361510058)	2.94	45.0
(-10.45910124021634, 3.2732960452116022, -64.55692689301848)	2.78	37.8
(-10.5430267391292, 3.078670979764129, -60.87100645543665)	2.95	45.8
(-10.553763713947193, 3.0938594131393993, -60.83171200197369)	2.71	26.9
(-10.547682740412723, 3.0954144836964, -60.80226036762593)	3.41	44.8
(-10.547756962306298, 3.076458692306881, -60.8879534841684)	2.65	35.7
(-10.53706863202829, 3.0748323275965004, -61.12624754883679)	2.80	32.7
(-10.523654985038885, 3.0615151700811425, -61.1838710593029)	2.78	36.0
(-10.272854717930366, 2.753290746376016, -53.73598813662966)	5.06	38.5
(-10.067057550416944, 2.46307031660346, -45.62926557812967)	1.39	29.7
(-9.776363447466078, 2.2244062212118227, -31.76172128503878)	2.88	37.9
(-9.464090256741787, 2.0576069556953023, -18.503240479827983)	1.34	25.8
(-9.084012972681434, 2.0366495255249317, 2.773625676044532)		56.0
(-7.269211984647828, 3.4312338295711813, 130.39056851426497)	7.24	30.7
(-7.480283993615251, 3.704846675383317, 114.56670459945465)	2.90	38.1
(-7.632697464915562, 4.04281633148977, 114.79886570336434)	3.07	37.7
(-7.814677533488071, 4.374623226651927, 114.40166006924653)	2.82	31.2
(-7.898102821224428, 4.763674387549019, 115.45923470413854)	2.99	31.4
(-8.037352680986933, 5.002573476174515, 136.81465144745147)	2.90	37.1
(-8.27843883561926, 5.2619895347220345, 155.94761865323312)	2.60	32.0
(-8.284691627341351, 5.26281070159372, -145.0326026543069)	5.95	33.7
(-8.368972207780953, 5.266735389192515, -99.23324211605414)	1.18	37.7
(-8.282843306455677, 5.029184152746996, -73.45678576351338)	2.63	29.2
(-8.186440516132244, 4.697500132793998, -60.30469380569635)	2.84	36.3
(-8.001744357798096, 4.334432800408878, -61.60121586923007)	1.33	35.5
(-7.808768947674967, 3.9943145913959865, -62.64863448372284)	2.82	35.6
(-7.6134245788561365, 3.6286460887446155, -64.07315552406622)	2.85	42.6
(-7.501450821213478, 3.2347820994360967, -88.10179150599251)	3.24	26.1
(-7.452998121345164, 2.8149410374197315, -111.02635130221104)	2.97	37.4
(-7.634152911121697, 2.4907396976785003, -126.3716271830886)	2.82	36.4
(-8.145777236160923, 2.1400126490998135, -158.7503477790617)	2.96	32.3
(-8.2857669041993, 2.0294776595652877, -160.55914463982126)	2.67	38.0
(-8.63830699972892, 1.8621214243467215, -171.78583603711897)	2.94	26.7
(-9.018331335238209, 1.8615406284906593, -172.23010724884497)	2.85	45.0
(-9.376711178983486, 1.7190860185297696, -155.48841072789187)	2.54	33.7
(-9.728248239261664, 1.561315154204535, -138.4405231599301)	2.74	46.4
(-9.982313781139489, 1.285624151356214, -119.47938663888918)	2.60	30.1
(-10.131523985638276, 0.9514851621659952, -100.68518159794796)	2.62	29.8
(-10.134158670542933, 0.5667793068979021, -72.68004019814616)	3.19	44.3
(-10.058139846908642, 0.17948404287718667, -72.38358756091367)	2.94	36.1
(-9.971170275584077, -0.16171838561464646, -72.3687719666454)	3.28	47.0
(-9.882777076756648, -0.5292165757958216, -68.7428870520836)	1.42	50.2
(-9.684768216530003, -0.8475522068578218, -53.540395420315264)	2.77	38.2
(-9.528095454869634, -1.1904617624594351, -67.05637543628156)	2.86	32.7
(-9.413619196767065, -1.555048152322633, -62.32414973273844)	2.90	34.0
(-9.216221056135302, -1.8784587382867013, -58.16085519564331)	2.86	35.3
(-9.021337890650898, -2.2039987828018806, -57.90341724133464)	3.22	52.2
(-8.850793163029888, -2.4334346351973517, -58.15417177950818)	1.33	35.2
(-8.791588552824663, -2.580922949146795, -53.85948144486944)	2.87	26.8
(-8.741406984338733, -2.651931616760617, -54.429884015733315)	2.58	34.8
(-8.602856921187295, -2.7517857968912978, -19.956250090604343)	2.74	34.8
(-8.378721580429517, -2.8864769874363523, -19.479959016840247)	1.38	42.4
(-8.044104244824474, -3.0695548823837644, -50.43124084827532)	2.85	33.9
(-7.887403984131043, -3.2801936691577893, -63.506544300010766)	1.22	37.9
(-7.770517147960365, -3.5391240366664327, -69.72823774088162)	3.09	33.5
(-7.785469931765454, -3.458993900950489, -71.86313694372055)	2.71	31.3
(-7.8508438914402845, -3.3011471317819243, -87.56400053212917)	2.79	46.4
(-7.832803163553224, -3.4079024748948763, -66.38026936391766)	2.60	36.7
(-7.7270492235254755, -3.6160841075297174, -75.01488900587141)	2.80	33.0
(-7.695393483024885, -3.9249418170003567, -83.88088510644093)	2.78	39.2
(-7.681163457994332, -4.020700231570716, -84.46777514419192)		175
(-9.491461478075761, -5.362609247847254, -162.3391152450219)	3.43	33.2
(-9.847104707468095, -5.476241860540954, -161.62755503001785)	3.29	45.9
(-10.212687356887635, -5.641095160555606, -159.07213577096408)	2.83	34.1
(-10.558104595543488, -5.782539593548562, -159.79595174086054)	3.12	33.3
(-10.932681419215191, -5.931351875989726, -160.01647137147128)	2.84	30.6
(-11.230391286210274, -6.046118200932604, -160.05640522266225)	2.84	32.5
(-11.320547823323583, -6.086323061590404, -160.17516678189162)	2.88	25.9
(-11.681771896046527, -6.281285495444643, -160.02294939354613)	2.94	37.8
(-12.02271123877504, -6.420857395569785, -140.53799078097282)	3.09	40.7
(-12.209395322798066, -6.7170419146706095, -93.85082173607569)	3.06	47.0
(-12.163345181311128, -6.877643652687931, -60.26421634253029)	2.17	30.6
(-11.963768887197991, -7.248083882563312, -39.073406034163)	3.12	32.0
(-11.876140958011012, -7.3259212400919385, 4.6032159948711495)	3.00	38.9
(-11.833506609064385, -7.320008173071612, 3.5282921152475484)	2.64	34.5
(-11.476870515948278, -7.231320480292739, 20.55155291350025)	1.64	29.8
(-11.091493375405632, -7.155900155210036, 8.6033368657221)	3.29	45.0
(-10.623972850714555, -7.147405541866139, -13.829421328341144)	2.93	31.1
(-10.323341407869842, -7.355180838182854, -39.705125271015305)	2.97	25.5
(-10.179067666945475, -7.71643249070938, -97.29914510831357)	4.35	33.9
(-10.299510800047404, -8.06994052470186, -127.0136618664755)	3.03	34.4
(-10.545419653440828, -8.35152126689253, -134.55589168286969)	3.64	28.7
(-10.823364331866276, -8.591788212566762, -134.16307858892276)	1.30	32.2
(-10.88521588488755, -8.739472341110952, -88.49033659144301)	3.16	32.2
(-10.804122075663097, -8.940882581294886, -44.961562257039326)	3.92	31.6
(-10.698933572957776, -9.003276420732165, -5.0908649418402945)	2.87	36.8
(-10.387602720760896, -9.029535974266, 12.348033573856624)	2.60	33.0
(-10.020857838419177, -8.885344521145207, 31.121700801260285)	1.41	43.7
(-9.677064935574453, -8.71662655802629, 31.818984700808556)	2.67	35.8
(-9.356321671322746, -8.505620904953076, 30.74636209801281)	1.37	53.2
(-9.01625695124985, -8.322481160467248, 30.360897992318005)	2.93	35.6
(-8.679681068732634, -8.12178533364501, 32.415307260988776)	1.11	33.1
(-8.400530190266068, -7.879305536747908, 44.717120419639144)	5.11	36.6
(-8.11317598658043, -7.621328663740701, 36.286041800592336)	1.35	22.2
(-7.778287705445554, -7.420274331548971, 19.482217104440966)	2.67	41.4
(-7.39008313103761, -7.307448905197842, 6.705443378386378)	3.16	29.2
(-7.014057731446946, -7.3641033996480765, -13.30553594263596)	3.17	30.7
(-6.637796658001201, -7.45058358376061, -19.065775499687973)	2.91	31.9
(-6.299184545968032, -7.618746916479645, -40.801696507869764)	2.87	38.9
(-6.080522011112063, -7.928846550022698, -61.1147789604572)	2.86	43.6
(-6.071732215576661, -7.963102695162744, -61.33149944498554)	3.19	34.2
(-6.071891354250866, -7.962882472788035, -61.357316777337005)	2.57	33.5
(-6.070768631273234, -7.963130002189054, -61.36836154262966)	2.38	35.2
(-6.070768631273234, -7.963130002189054, -61.42222686822401)	2.97	32.8
(-6.070768631273234, -7.963130002189054, -61.42222686822401)	2.52	43.9
(-6.070768631273234, -7.963130002189054, -61.42222686822401)	2.85	38.4
(-6.067770131736625, -7.960731933178668, -61.21992451025121)	2.92	30.1
(-5.981596343854696, -8.086120674473076, -53.051496359850795)	1.25	31.2
(-5.946568028802208, -8.129124092652168, -51.85094805498459)	3.31	44.0
(-5.854162616439174, -8.20544941504047, -30.776617292156416)		41.2
(-4.487072428245261, -10.717429432680564, -71.04506715716974)	2.56	44.7
(-4.369485373837104, -11.079573552658264, -73.59214234440654)	2.60	37.9
(-4.27146029668001, -11.450043310736277, -74.15695768546443)	2.77	41.9
(-4.1630121728709515, -11.84845711419125, -75.7598167790859)	3.61	46.2
(-4.096300053387304, -12.227590691019858, -84.19917173547118)	3.32	41.6
(-4.094816933458709, -12.604352037693962, -95.42965926572093)	12.1	45.8
(-4.179044426761161, -12.985983213409511, -113.37723331292811)	3.74	33.8
(-4.371822195709134, -13.308765267746793, -125.53959889402648)	4.07	37.9
(-4.532106157642719, -13.460819993204883, -151.5925106892827)	3.28	30.1
(-4.9089050499026525, -13.565552307066486, -170.53712810602218)	3.68	41.7
(-5.22687492504706, -13.506890483813986, 148.19263806652714)	4.74	36.0
(-5.556990757936515, -13.302704233419913, 155.09724638637445)	3.26	55.6
(-5.950850355036284, -13.168573117082978, 178.06461814756983)	3.27	45.7
(-6.324470927281503, -13.161970178676476, -163.63021040203247)	3.25	37.4
(-6.336915990551584, -13.165819024534928, -162.85464498688808)	3.30	29.5
(-6.216525372535456, -13.129673924538018, -150.67985868452803)	2.59	31.8
(-6.297976650223207, -13.18194711091816, -143.5246384725569)	3.04	37.8
(-6.158751205821424, -13.071966044186052, -143.29870433114206)	1.29	33.4
(-6.129764985423021, -13.039499757466917, -95.93215316676566)	3.21	35.9
(-6.090359213607227, -13.02350157818686, -38.75024026725051)	1.34	31.8
(-6.02018629303533, -13.05915797818755, -14.399334505323411)	3.55	43.9
(-5.884764125388365, -13.054370064901194, -14.600107422912382)	1.34	33.6
(-5.753039118575009, -13.139655829870668, -24.23543850778067)	1.41	38.6
(-5.678784745936666, -13.164778592983954, -15.375951721223736)	3.26	38.0
(-5.6147532207858575, -13.236052966234736, -46.416167727205895)	1.33	36.9
(-5.4679183516249985, -13.326790867302964, -22.55378265523498)	2.79	37.1
(-5.12528978415483, -13.484682601048494, -14.812758376910137)	4.00	37.5
(-4.757308699777047, -13.44063317209074, 21.182099225337765)	1.76	30.2
(-4.441974773164402, -13.349163918741606, 6.936775710637788)	4.24	54.0
(-4.029504394700723, -13.349300548761011, -13.718863561426776)	2.91	62.4
(-3.681299301715857, -13.488705822445091, -37.58475479020813)	4.88	31.2
(-3.403546692010718, -13.71848341731432, -45.46052685333667)	2.89	32.6
(-3.180288756725613, -14.042500699396015, -69.44629856040036)	1.53	44.4
(-3.1992422013186914, -14.426921272418564, -113.40727481200943)	3.77	26.1
(-3.436551168495239, -14.714078856394709, -135.7980692510736)	3.56	38.4
(-3.720894507898708, -14.916045940531884, -149.57712050621413)	1.39	36.8
(-4.086196124938685, -15.131436655522585, -150.7757428812061)	5.39	35.2
(-4.441862428621168, -15.309594429807085, -153.56130912679225)	3.28	35.8
(-4.763140337164545, -15.466416741568663, -153.26069426848488)	3.29	39.8
(-4.772681382883824, -15.47366589614656, -153.31033838664206)	3.36	21.1
(-4.768977216374636, -15.47252535907408, -153.3628117243163)	4.31	21.1
(-4.768977216374636, -15.47252535907408, -153.3628117243163)	4.35	23.1
(-4.772326126230024, -15.47212240046239, -153.28942748012943)	4.83	37.8
(-4.771069515101902, -15.472273602584124, -153.29767680060246)	3.80	28.0
(-4.771383330359349, -15.474881659535754, -153.42502720868202)	2.94	35.5
(-4.771383330359349, -15.474881659535754, -153.42502720868202)	2.99	35.4
(-4.771383330359349, -15.474881659535754, -153.42502720868202)	1.67	25.5
(-4.771122377098391, -15.472712928251525, -153.31583029983352)	3.97	32.5
(-4.771122377098391, -15.472712928251525, -153.31583029983352)	4.44	35.4
(-4.771122377098391, -15.472712928251525, -153.31583029983352)	3.26	35.1
(-4.769254266799462, -15.471174921694391, -153.2783572109559)	3.24	33.8
(-4.771311952646976, -15.47122353535632, -153.0989242134532)	3.29	45.9
(-5.16855274516913, -15.660040806901211, -151.88821085033675)	3.29	31.3
(-5.495419710459931, -15.85042733173869, -149.90992785925968)	3.86	34.6
(-5.852076760686666, -16.045680131934596, -152.78076218887605)	3.12	39.6
(-6.195360250041915, -16.208992559073387, -157.70143171396728)	5.80	45.4
(-6.543661625374066, -16.367182533733843, -157.6786368545547)	3.35	132
(-6.913093559825047, -16.51997265286626, -157.7671534264742)	3.29	28.1
(-7.0699859956176585, -16.578954327876268, -157.7099095664437)	3.08	37.9
(-7.081527566757039, -16.584258036154726, -157.82482024236128)	3.08	44.3
(-7.194901878674198, -16.63504142449913, -146.3721794491152)	2.79	55.8
(-7.281460823150923, -16.74369043188321, -108.73522497056845)	1.19	36.2
(-7.287072818368977, -16.892160033959968, -51.559150241388316)	4.83	43.2
(-7.191638665183833, -17.00549100162139, -8.135875851375607)	5.67	41.5
(-6.825785010213358, -16.969082244112712, 15.974264054291975)	1.34	32.9
(-6.456066807597544, -16.850372934513224, 12.550720477165203)	3.61	40.0
(-6.1148922014476, -16.688237702560304, 28.97726451041023)	3.48	37.0
(-5.766877221560474, -16.500450309911926, 26.102640146563473)	3.30	30.4
(-5.417112407141497, -16.30831492025292, 27.07967544818526)	3.35	28.2
(-5.093476546442857, -16.13272185989249, 30.8027432624848)	3.91	30.0
(-4.7660827723790264, -15.92828547771514, 31.874258240175504)	3.33	45.3
(-4.426337437121272, -15.748589185187319, 24.176084649188073)	7.10	46.0
(-4.048258616035967, -15.568604805708274, 31.360263409952434)	4.48	41.1
(-3.7340154359829527, -15.330836850983932, 41.69218161759737)	3.66	47.0
(-3.4234701950112045, -15.057552359564808, 42.21239539385001)	2.96	35.4
(-3.1381180805102082, -14.804590392808066, 39.19584553433848)	4.41	42.2
(-2.8332975627029664, -14.544172885722016, 38.19542902657538)	2.91	46.8
(-2.488329402649549, -14.291087748586957, 23.71785417389684)	3.37	33.7
(-2.1500933779734708, -14.230149744860153, 11.098425528375067)	3.90	41.9
(-1.7708035114160192, -14.16006518118498, 10.976289812414958)	3.88	43.2
(-1.5626122444622377, -14.119229874484803, 12.082409216582525)	3.53	26.3
(-1.5349798444995466, -14.107741060467799, 12.075757789553865)	14.7	39.3
(-1.1861235168828204, -14.055906070194153, -4.216477913391177)	9.62	32.0
(-0.8299480058722795, -14.119928923805821, -31.931833186666935)	3.27	35.2
(-0.6127140576800003, -14.352274813966964, -71.92981720225832)	4.54	45.3
(-0.5014515795352796, -14.716400809020325, -85.12083932847679)	3.24	35.7
(-0.5041029904626271, -15.08382156269997, -98.22129813572354)	14.6	52.5
(-0.6048709504285212, -15.419051868748443, -124.57924563102719)	2.91	36.7
(-0.9033575712933244, -15.659898883638641, -153.41545176498934)	2.60	47.3
(-1.2393377804850454, -15.817357130250961, -152.61511999972834)	2.51	46.1
(-1.3301819005488391, -15.917483756817429, -142.06962185187183)	2.94	193
(-1.3301819005488387, -15.917483756817429, -142.06962185187183)	3.30	40.9
(-1.3301819005488391, -15.917483756817429, -142.06962185187183)	1.51	40.5
(-1.3301819005488391, -15.917483756817429, -142.06962185187183)	4.01	38.7
(-1.3301819005488396, -15.917483756817429, -142.06962185187183)	3.32	43.6
(-1.3301819005488391, -15.917483756817429, -142.06962185187183)	3.47	37.2
(-1.3301819005488391, -15.917483756817429, -142.06962185187183)	1.32	39.3
(-1.3301819005488391, -15.917483756817429, -142.06962185187183)	3.19	47.0
(-1.3301819005488391, -15.917483756817429, -142.06962185187183)	4.45	51.4
(-1.3301819005488396, -15.917483756817429, -142.06962185187183)	3.83	30.2
(-1.3780690633478905, -15.94450284846075, -132.30127187092089)	2.50	48.7
(-1.3802629333350942, -15.937016847421159, -122.53922059146373)	5.18	37.4
(-1.3804242512019278, -15.939126891211288, -122.56996811941809)	3.96	52.5
(-1.4192188948288145, -16.03538480163811, -77.98902951197906)	4.69	39.3
(-1.3072094827468197, -16.415073482910074, -63.26220297503709)	6.56	38.7
(-1.1315538742245268, -16.754591612441537, -64.61697020542628)	5.78	41.2
(-0.860475719221407, -17.067777047971056, -16.897174459470854)	3.40	44.7
(-0.4593763121140726, -17.08999940661128, 8.265841308814512)	4.48	39.1
(-0.09697921929916342, -16.99897086154994, 28.30093238535244)	1.90	44.8
(0.2224122257247787, -16.81326868568084, 18.293451174032505)	3.29	45.2
(0.5841139898195573, -16.856823878439346, -41.42863826362554)	2.78	47.4
(0.7611088889189865, -17.132072357311635, -59.29948245271281)	2.87	34.5
(0.9815776792784225, -17.46112563120887, -56.294122240605496)	1.57	43.8
(1.2332971589870132, -17.80233032381602, -55.66817182802451)	3.47	43.2
(1.4467446289046588, -18.11790372223561, -55.515216839376656)	2.94	38.0
(1.6714168049538873, -18.438252533039183, -55.372314060527934)	2.93	38.7
(1.8772048230019438, -18.758848616251647, -55.37020460171899)	1.36	45.7
(2.084031510605791, -19.086147646195222, -57.8976003063629)	3.24	37.4
(2.2905658097472545, -19.40562152805979, -57.987937278970946)	4.40	40.7
(2.4951362603931857, -19.73889061280434, -57.261646897123185)	2.42	43.4
(2.658619925799015, -19.98785940248066, -56.86776085363917)	5.46	33.9
(2.6584249150886095, -19.98799554805426, -56.96635216175455)	3.89	40.7
(2.6164794933038884, -19.934075820964786, -59.05706334537247)	2.99	42.7
(2.4844295975737074, -19.70540234946681, -54.44033755681025)	3.27	38.3
(2.3437685211032147, -19.502575779690154, -53.082329340187684)	3.07	41.8
(2.2598217269963863, -19.277092671355746, -57.17038207060017)	3.37	39.7
(2.1017984832265055, -19.067725872509925, -54.46914470202771)	3.85	44.7
(1.9340737000954196, -18.870137172202902, -44.43082242408149)	3.40	52.0
(1.7316772666652946, -18.65697479357023, -56.9223225456424)	3.44	45.3
(1.672341380580077, -18.589074671737556, -105.16828516775895)	3.45	38.6
(1.6410242855217048, -18.593838199130506, -159.9887411775061)	3.50	37.4
(1.2747558106466128, -18.53921208926375, -178.92833527232779)	5.33	38.6
(0.8768061923358106, -18.6257901340159, -157.4239704144062)	4.16	30.3
(0.5597597802566567, -18.79750635503337, -135.5719259859418)	1.40	35.6
(0.35627636416103137, -19.146691208861263, -95.11973566101709)	3.02	38.7
(0.378621244934255, -19.52073207270004, -66.2236140527458)	3.34	44.3
(0.5509157810178356, -19.91716781717384, -56.26720723024073)	1.84	18.8
(0.771912477748498, -20.23177749891363, -55.06560068067515)	1.82	39.7
(0.9713171651517456, -20.571253984103944, -63.77306632035809)	3.35	36.6
(1.0614535250330777, -20.810784696482195, -78.41936471200049)	3.76	35.0
(1.0672084645162694, -20.78211706728823, -139.7602602554424)	4.03	30.8
(1.0529898893193894, -20.779497735588667, 160.15278426561403)	3.50	37.4
(0.8862743931632497, -20.64674000918606, 129.8814726129714)	3.61	33.3
(0.6583944039928102, -20.33033619744841, 130.11573019567362)	3.34	42.5
(0.43964524096769875, -20.016772070713685, 122.22467835370998)	3.15	33.4
(0.19001589931751806, -19.69815630286466, 138.59224940502796)	3.26	46.1
(-0.09952172220415623, -19.440765818933578, 153.8814212183498)	4.11	45.3
(-0.5053670502144749, -19.35234732387775, -177.38079818159727)	3.36	47.8
(-0.8801687797344719, -19.416339225175427, -159.71666117501)	3.26	36.5
(-1.2383638265728956, -19.563772069128426, -157.43101714917972)	4.52	36.0
(-1.5806219517592193, -19.724678507932904, -152.90638826429117)	2.98	47.4
(-1.9423546769067936, -19.88236115809929, -152.6001662152168)	3.48	36.3
(-2.307064684820772, -20.09061059364972, -152.37616268998903)	5.05	33.2
(-2.670176533556131, -20.297268157355788, -152.81871515045037)	3.94	30.2
(-3.0156314817313383, -20.488656632813377, -153.14565420717545)	4.34	38.3
(-3.3598503163556774, -20.682239553908857, -147.8250333027827)	4.74	30.0
(-3.6777098926451117, -20.896833338812396, -143.68327508671538)	3.81	30.9
(-3.9811140748997946, -21.14168929728908, -135.7865416384936)	10.2	39.7
(-4.187213600309105, -21.473003915626784, -92.51752077781524)	1.39	29.2
(-4.168114164536677, -21.872125425135913, -80.25696493610558)	2.99	38.1
(-3.9886869062377834, -22.22953141422796, -59.728677247973216)	2.83	32.7
(-3.7771771879664993, -22.56223544237072, -59.219523643068214)	2.96	49.5
(-3.698637026497347, -22.69243347366861, -101.4573167699585)	3.28	41.9
(-3.7039520214446604, -22.67413773165042, -120.33754299547776)	3.11	46.0
(-3.7237356598660334, -22.690795257282588, -144.70908173363676)	3.24	36.7
(-4.005092692777081, -22.90211673375014, -177.9721198257412)	6.39	35.8
(-4.313144903325682, -22.740302318181676, 127.49577135130494)	2.73	38.6
(-4.538991703519287, -22.444639462800705, 116.98805516486755)	3.40	37.3
(-4.711932733859223, -22.10155416591148, 116.54184465663587)	3.51	51.9
(-4.878998717029171, -21.715304179074643, 117.22208306337716)	3.43	43.9
(-4.956210344365406, -21.346865954247484, 84.52695933092576)	3.19	39.3
(-4.942795240265392, -20.986099878612634, 87.71073841153672)	3.24	39.5
(-4.9821156654919, -20.61180779297406, 121.4053212977616)	3.46	30.9
(-5.17537629801026, -20.283405983383954, 121.6604450279132)	2.90	29.9
(-5.370474034951375, -19.957375832382603, 118.95526651658828)	3.36	37.5
(-5.571226952889871, -19.61340755829419, 124.90755508181553)	3.32	45.1
(-5.761532307936981, -19.269188520179448, 132.1661038987188)	3.78	29.1
(-5.785744762655325, -19.236824588406137, 132.5246030460528)	3.39	35.9
(-5.781381921110325, -19.24383740144306, 132.07399141548944)	3.00	34.6
(-5.613097931715094, -19.435967477837856, 132.1494201468976)	1.79	35.0
(-5.527078180385499, -19.584280844268157, 113.66771022587163)	3.65	38.5
(-5.422146211035774, -19.82146440946873, 113.70827684400346)	4.65	41.6
(-5.320375469168645, -20.065328499391878, 109.43049248759722)	3.43	43.8
(-5.297954738296758, -20.314141687741458, 73.8522445192717)	1.46	40.9
(-5.291138101295978, -20.354343512627253, 44.89382694479616)	1.47	36.9
(-5.139810489597351, -20.265161465990573, -2.7383446245976635)	3.41	45.2
(-5.009664371453074, -20.279145017583055, -13.586372150996972)	6.18	41.6
(-4.725101303636123, -20.33683248828528, 16.525832741263123)	1.46	30.8
(-4.35932606713024, -20.1846835882953, 25.132466209791968)	3.38	43.0
(-4.018237360081377, -20.02071175936285, 27.246595775222314)	3.42	43.8
(-3.656648795760719, -19.858050558385344, 27.431349042183115)	6.34	43.7
(-3.38187500292776, -19.608761713170168, 69.38656611803253)	2.89	32.7
(-3.3839345571360093, -19.201880579883444, 101.71523973494506)	1.46	40.9
(-3.4953316928889584, -18.819412889715316, 110.83230125688092)	2.70	33.0
(-3.6396480804455686, -18.448491231032683, 116.57435723803381)	2.63	35.2
(-3.83703253511079, -18.12406696860718, 116.58903367173689)	3.50	36.7
(-3.9790377328894646, -17.727326386129953, 123.55397047143792)	2.82	27.7
(-4.153892748662525, -17.395439597163048, 126.51853616499542)	2.04	47.1
(-4.255605981062528, -17.24375147872398, 106.09685529651107)	1.64	37.9
(-4.270311330390241, -17.28911419183128, 47.329886443550656)	3.47	39.9
(-4.191342843454247, -17.237622099218044, 12.247032187284875)	3.04	46.1
(-4.133403689082861, -17.228690475257785, -42.69673277941224)	3.29	33.6
(-3.9736774814371234, -17.530519877258495, -74.23791862334595)	2.96	40.9
(-3.8530990028643144, -17.89509678911046, -64.57531686758885)	3.36	36.9
(-3.668829954229394, -18.25092647421917, -60.26430092402541)	1.34	45.5
(-3.5149262245816653, -18.582372725961797, -59.765828067135544)	2.71	42.5
(-3.3723233674198383, -18.91723220844227, -73.30510591954149)	1.40	37.5
(-3.2697271665344525, -19.28859671785633, -71.12619228558366)	2.63	32.5
(-3.1188458589507126, -19.64869472490851, -60.75214223313505)	2.58	44.9
(-2.9361459483475905, -20.030521799885314, -68.28560343211234)	2.83	46.7
(-2.734220736702846, -20.360453725356642, -54.88203176590222)	3.36	32.0
(-2.515920570677852, -20.668551425585967, -54.40626525876242)	3.51	33.6
(-2.51464199688185, -20.669792615780437, -56.79882115219308)	2.97	44.5
(-2.413238894394836, -20.78034795600339, -41.94865086608383)	2.73	38.5
(-2.4896396982190465, -20.749469892449486, -36.0766521920339)	1.72	41.3
(-2.7287131178331423, -20.649719792744513, -0.09570052419445745)	4.31	37.1
(-2.7225922461395937, -20.621958857111892, 16.459144066782407)	3.50	32.9
(-2.6140185260472624, -20.570888017926983, 45.82060463196628)	3.19	29.2
(-2.394749428273917, -20.263374275920015, 52.83935813084696)	3.28	42.8
(-2.151548924922839, -19.955474152243497, 41.94713385113909)	2.81	24.5
(-1.8051413989670901, -19.739451135995623, 33.34425481727204)	9.74	44.7
(-1.468364649407427, -19.54642143573262, 24.860178615169836)	1.75	44.4
(-1.1069673962597433, -19.4145703359625, 24.131860631274296)	1.60	39.9
(-0.7496324015042315, -19.280510220423903, 6.064399552086556)	4.26	32.2
(-0.3848695055863618, -19.3435123841266, -27.1141096739581)	2.61	39.4
(-0.08946335213191459, -19.590977088983177, -46.9680373043797)	1.45	41.3
(0.15730446654756447, -19.882264053482345, -55.878190880966706)	2.94	39.5
(0.3433803914704764, -20.21436684824119, -63.27624738504618)	2.84	35.5
(0.5595948144853549, -20.548046316324275, -45.200423462191615)	2.91	40.5
(0.837643379008902, -20.812668230167045, -37.95143919597502)	2.47	39.0
(0.9309513028944846, -20.853200887984585, 18.797806763634927)	11.5	38.2
(1.037988144868594, -20.799036122844814, 79.50141063985396)	4.16	45.9
(0.9678533751255745, -20.501519227143838, 127.77101934042055)	4.44	47.2
(0.7544305572071109, -20.163949485815863, 120.51878735741643)	3.41	41.9
(0.5660383403813163, -19.822352777244568, 119.82615488076333)	3.39	31.2
(0.3769942643598927, -19.46722187769797, 111.50059989314686)	4.46	43.2
(0.3364400548385984, -19.07917863524657, 78.22288744669774)	1.25	30.6
(0.5636318263109747, -18.792016178667097, 33.09529594103317)	1.39	32.1
(0.9152109476982835, -18.624072813491747, 20.455267497148796)	2.96	43.3
(1.2921989132898068, -18.541219931288676, -4.500981381873721)	3.03	33.0
(1.6457870915861275, -18.65820698679769, -33.48232753719931)	1.93	44.4
(1.9010982738661308, -18.962977677291473, -62.290827160749984)	1.46	40.3
(2.0823039431124224, -19.29288898670307, -65.2348402369978)	1.74	35.2
(2.26190935178443, -19.63789172762349, -54.75101441159901)	2.66	32.1
(2.497479081313542, -19.953629133022933, -53.738692942696744)	1.25	28.8
(2.5943952563026276, -20.094528125525926, -53.87141708346859)	1.37	51.3
(2.4968918330826297, -20.186716442266878, -53.03304121256895)	3.37	51.3
(2.47945754272043, -20.137232998889218, -54.15301493273683)	4.19	42.9
(2.487595034800843, -20.132893898385348, -54.336348368376385)	3.60	37.7
(2.4867340290620845, -20.13448468371937, -54.29686747513289)	5.01	38.2
(2.4867340290620845, -20.13448468371937, -54.29686747513289)	1.38	32.0
(2.4867340290620845, -20.13448468371937, -54.29686747513289)	1.25	40.6
(2.4867340290620845, -20.13448468371937, -54.29686747513289)	2.82	35.3
(2.4837899652517343, -20.13524697202303, -54.15714595978247)	3.78	33.3
(2.4325363577994654, -20.249210023800966, -9.446932209038382)	2.91	46.9
(2.8807378500038765, -20.17643767118788, 6.03906092891105)	0.972	35.1
(2.884760908702135, -20.175325323536146, 22.892386868096143)	5.80	44.8
(3.140136217853695, -20.00983165760423, 59.25890004486886)	1.75	39.4
(3.2584638100631547, -19.678696481629423, 102.21182449794787)	5.30	37.1
(3.1882025337244393, -19.28816563975645, 93.16197297450971)	2.97	35.2
(3.159483942738725, -19.05410568336325, 94.93665469824842)	14.6	42.2
(3.160557629563809, -19.055657968496746, 95.00860682382896)	3.75	34.5
(3.1605576295638085, -19.055657968496742, 95.00145457831022)	3.07	41.4
(3.160557629563809, -19.055657968496746, 94.9992564302621)	3.06	46.8
(3.1605561715361725, -19.055737669133684, 95.0129908642724)	1.38	39.1
(3.1605561715361725, -19.055737669133684, 95.0129908642724)	4.92	47.8
(3.1605561715361725, -19.055737669133684, 95.0129908642724)	2.87	40.8
(3.1605561715361725, -19.055737669133684, 95.0129908642724)	3.75	37.8
(3.160556171536172, -19.055737669133684, 95.0129908642724)	3.47	37.8
(3.1605561715361725, -19.055737669133684, 95.0129908642724)	4.03	40.2
(3.1605561715361725, -19.055737669133684, 95.0129908642724)	3.03	47.8
(3.1605561715361725, -19.055737669133684, 95.0129908642724)	4.52	42.7
(3.1605561715361725, -19.055737669133684, 95.0129908642724)	3.47	47.3
(3.1605561715361725, -19.055737669133684, 95.0129908642724)	3.05	40.8
(3.115995723938064, -18.778949918733005, 94.02342632813617)	3.00	35.7
(3.0563823686469336, -18.389957062224617, 81.52096182915852)	5.30	33.9
(3.127101848381457, -18.01351546636785, 54.77644935103217)	35.6	46.9
(3.3589847349507975, -17.69751150138515, 32.24952148578177)	3.03	35.6
(3.704277153148694, -17.557464046194937, 7.7542065763267205)	12.1	37.7
(4.059881945056074, -17.483467491009904, 1.5220366144550137)	3.09	39.0
(4.39397790653887, -17.557781853265574, -37.50031867779888)	3.03	42.3
(4.6588611888277685, -17.824513697512693, -60.51425637864898)	6.57	37.3
(4.779323883928958, -18.156202268880463, -71.46936010117685)	5.81	38.9
(4.892920221537217, -18.517464677785938, -61.34269396981619)	12.7	39.3
(4.927440841546675, -18.610882020680588, -2.6532311018034)	2.77	43.7
(5.112702883739282, -18.48772907906911, 59.51807307364531)	3.02	37.3
(5.122303027147595, -18.14484611253092, 110.88557727416863)	11.9	33.6
(5.104164722020635, -17.77656811471948, 57.80105714244732)	5.16	40.9
(5.227699482211065, -17.534403456533024, 95.4642029011334)	3.10	30.7
(5.2515543527191415, -17.157771509696687, 103.30432262801784)	1.63	38.3
(5.050004839030522, -16.825259436896378, 101.28733368824068)	11.3	39.0
(4.814761064448909, -16.59289647682688, 134.27046898266528)	8.73	46.4
(4.415550226655224, -16.3793639934104, 143.26206833572596)		189
(4.154780091688583, -14.821836491671394, 30.940919606522783)	3.11	46.8
(4.415190172485524, -14.660563220367614, 18.517969584797378)	3.10	40.6
(4.799573425990014, -14.636910486036037, -3.8081742220706833)	3.17	43.3
(5.17545568572954, -14.693476687807076, -24.702057024845033)	4.03	37.3
(5.47495755284057, -14.877822017372687, -32.37120275628201)	2.85	33.8
(5.775904578480686, -15.057666967490439, -35.36373359639861)	4.03	39.9
(6.041122115749854, -15.218884982125623, -36.2457000563027)	4.17	40.2
(6.039794234412845, -15.219384162146348, -36.05661253224844)	12.2	30.0
(6.053922995116913, -15.223086027499878, -17.10684887446626)	4.27	51.1
(6.287024374882938, -15.230376237243535, -2.291230311128047)	3.68	39.6
(6.423410312472395, -15.215589111012543, -2.437862406515252)	1.25	29.7
(6.673936913905141, -15.365296751688401, -57.515773268803514)	3.28	45.4
(6.843265628764577, -15.6908219759446, -75.64919699791723)		89.7
(7.415497225786652, -17.75342183327645, 41.7155319937335)	3.81	46.2
(7.5482037287707815, -17.536406243691633, 103.7942032920147)	56.1	37.8
(7.416616573462472, -17.181105988220587, 123.02212488937157)	5.55	27.5
(7.214668979952908, -16.835558690793334, 114.77589922668523)	3.32	44.5
(7.086285587332515, -16.48011493643211, 88.14489759046687)	34.5	38.4
(7.159303924106997, -16.143794589073988, 43.89045672547729)	1.40	42.3
(7.39811456091163, -15.83836063537374, 41.36876280607937)	3.78	39.7
(7.731373118168111, -15.574603039192521, 28.33418138822264)	22.4	38.8
(8.02611788101688, -15.408242320438795, 27.07295004831958)		186
(10.435601776834467, -16.385115638540874, 3.5733542244544854)	1.39	42.2
(10.804912495338677, -16.34301458826015, 18.273286034940647)	2.27	48.6
(11.153842537945666, -16.18922663843405, 33.120423565181994)	6.72	38.2
(11.466672703909513, -15.991766726781158, 30.884309507356683)	3.34	33.9
(11.770727063640464, -15.799050838881854, 37.72553081740342)	2.84	27.4
(12.000508460754375, -15.608082571811769, 37.953695621019556)	2.92	44.0
(12.020372885259675, -15.633480441713875, 81.56955066605047)	1.28	62.7
(12.00369101307544, -15.656017996487003, 135.50984805284966)	3.36	29.3
(12.02087612240321, -15.626810299223191, -163.52453898218548)	1.42	48.3
(11.989015285825737, -15.614101836698008, -138.37287527840823)	2.84	40.0
(11.98849270218582, -15.623530115251675, -142.50458336130694)	1.33	33.5
(11.881459853925207, -15.699692117997282, -138.74724765126433)	1.40	38.5
(11.576670645381782, -15.925581775666256, -156.60666575130614)	1.22	34.2
(11.226918987290562, -16.13843525745094, -151.68728035663545)	2.91	37.2
(10.90447543596913, -16.341000446528408, -154.54864586876522)	2.82	37.5
(10.506949328126552, -16.460330547081025, -173.4865569138578)	1.40	37.0
(10.177731695564173, -16.42510479626661, 155.6839552308887)	2.94	32.1
(9.847724984511014, -16.222261565267676, 133.05933493748435)	2.90	46.4
(9.603952689007007, -15.89654230907686, 115.71173702582021)	2.86	44.4
(9.444719642438944, -15.541448762034626, 112.98278485454375)	4.28	33.8
(9.300529054044858, -15.134360626302989, 111.48709862422037)	2.52	30.0
(9.12927235541002, -14.764364341849788, 109.22888821468673)	3.02	39.8
(9.05545972991111, -14.381144423910584, 85.17761316433028)	1.35	24.1
(9.211023259319239, -14.037920441479656, 29.616452579365998)	1.37	53.9
(9.349785312271042, -13.9580618365611, 21.71708881077031)	3.24	39.1
(9.349093144423096, -13.958495992179493, 21.725009967054852)	3.58	30.5
(9.421168685026448, -13.940947675433563, 23.095646046904875)	2.78	50.9
(9.766296494805278, -13.81871550363623, -5.779940095734461)	1.36	39.9
(10.149755134519314, -13.848387332645745, 17.81074091584468)	2.80	37.6
(10.47080113765722, -13.701551212554223, 20.028210492712603)	3.21	44.3
(10.60926192502459, -13.64815120297245, 21.561712788853892)	2.90	35.7
(10.613046193120244, -13.644790062531525, 21.6907313798293)	2.53	44.5
(10.792414567734351, -13.573553897752117, 31.04380102860977)	4.37	47.6
(10.991036178498327, -13.418395689048836, 75.10827655999682)	2.73	31.0
(10.966105504853822, -13.42992771011483, 117.15648622377805)	3.02	40.3
(10.896739498407978, -13.306621756906036, 119.0115995068237)	1.35	36.9
(10.900027783799056, -13.282850406979204, 168.4605824088576)		219
(8.667172865753884, -13.797907327833858, 148.29420081898178)	1.37	39.0
(8.665687361257923, -13.7961730119826, 148.29532815547066)	2.82	44.9
(8.664217518524957, -13.795708872510772, 148.27217229876246)	2.65	27.5
(8.663989823152253, -13.798037303099484, 148.24879564111777)	2.82	38.2
(8.663989823152253, -13.798037303099484, 148.24879564111777)	2.50	40.2
(8.614494050301381, -13.765521992953637, 135.5113624505523)	1.18	33.2
(8.511860026709154, -13.561784823312848, 115.8563563707909)	2.44	29.6
(8.368692412286137, -13.196977297140165, 106.16404908503866)	2.58	33.8
(8.28763740595281, -12.818036822105302, 96.52105657848111)	2.97	44.8
(8.227032348637463, -12.423763896102134, 102.92234819622036)	4.11	41.8
(8.141967197478753, -12.045911815155673, 103.1938797383322)	2.73	39.8
(8.079293369272115, -11.897891499859824, 103.39423588469357)	2.83	39.9
(8.082687324193621, -11.863896101942768, 103.63061709428567)	1.57	35.4
(8.091632349062102, -11.863184078857564, 103.65084316448733)	2.88	47.0
(8.068477387229548, -11.872036628110983, 103.40869823654604)	2.64	37.0
(8.058165078129234, -11.877197261076038, 103.10641060871956)	1.35	32.4
(8.062208821851513, -11.873246766584455, 103.5134223513271)	2.88	35.6
(8.029365571851445, -11.705372075847926, 90.97189264727886)	2.88	45.5
(8.14446085898189, -11.36870263081878, 36.468773806445135)	2.70	38.6
(8.383511321921006, -11.149886225013088, 74.36603414552513)	2.85	37.8
(8.368289280267476, -11.09437261838984, 116.25950765624958)	2.56	45.1
(8.347731440719494, -11.000232037996469, 134.57816254331797)	2.57	46.0
(8.393106866393424, -11.002660733912398, -168.5398839856657)	2.45	34.1
(8.080418493075527, -11.189855803352273, -134.34474371049114)	1.33	43.6
(7.87919099432901, -11.513661431859163, -103.72355526843822)	2.87	38.0
(7.90868856629066, -11.865168569045235, -61.82001367778951)	2.91	39.3
(7.994469083565036, -11.970109206408853, -79.06055339348464)	1.57	46.0
(8.03694460760475, -12.175539443539387, -65.61581344879835)	2.78	51.2
(8.075476329907524, -12.291458326959656, -78.6906447297402)	1.38	46.4
(8.102711958070548, -12.396527987726508, -78.56446851999561)	3.32	38.7
(8.116289577090555, -12.432237338307335, -77.75527012649557)	2.87	43.5
(8.157586572439303, -12.590842754547552, -78.4370972606204)	2.82	44.2
(8.242583961104632, -13.01703322942306, -78.39284049893119)	1.46	46.6
(8.345897450738903, -13.398916521155016, -95.49654930918837)	1.34	31.5
(8.243565981918088, -13.739799214728336, -133.812067766351)	2.83	41.5
(7.938982564374406, -13.966169296719325, -154.69496923870125)	3.79	41.0
(7.592168683220855, -14.120101469118383, -155.0874619017599)	3.28	41.7
(7.517668629849014, -14.146389559792638, -130.4142710983156)	4.71	41.4
(7.388674512993791, -14.22840237721216, -154.73727245935643)	2.58	30.0
(7.014284282831234, -14.268193811415717, -179.66492515113526)	2.98	39.2
(6.615015559493308, -14.277219418912441, 179.5466599084194)	2.87	42.3
(6.233591565937557, -14.23830940492756, 161.382110354836)	1.31	34.9
(5.879022596272645, -14.063681159981865, 155.95579693502538)	1.76	43.3
(5.520989505344202, -13.894608248146728, 155.98625583899715)	2.88	41.9
(5.304548541605975, -13.810465643997366, 170.33727873016073)	2.86	44.8
(4.943062359964308, -13.755728850284028, 176.34203374738158)	6.52	36.6
(4.689603977982324, -13.73108100829298, 178.23662777957833)	3.14	46.5
(4.499675601489383, -13.715501347871184, 171.7996137232756)	2.85	43.7
(4.378379332514328, -13.714946265384114, -156.74061578928888)	2.95	38.3
(4.229755860375558, -13.830719434836077, -145.6524616019974)	1.65	43.1
(4.1366447567692965, -13.843062269388469, 174.60567887157939)	2.50	49.3
(3.783371892677705, -13.863597888391627, -161.7599848377663)	12.0	46.6
(3.490260598089037, -14.08783228160383, -130.3702263978039)	2.52	45.4
(3.232946832853626, -14.377361462717634, -130.00115154976544)	2.55	45.8
(3.038157935622916, -14.663703241291927, -102.22019101784672)	2.80	32.5
(2.928820554571388, -15.031305711989432, -120.15545990464477)	2.87	37.7
(2.6457549561740556, -15.323164347555396, -168.07636463502575)	2.88	40.7
(2.2885755986146314, -15.309212947854029, 173.27477646474287)	2.87	36.5
(1.9135304602608585, -15.176199895119264, 158.09444428314228)	1.33	35.0
(1.5256905816322082, -15.033256387692942, 155.36684077371987)	2.90	43.4
(1.209836150969526, -14.827639427326732, 139.34056845688866)	2.97	44.1
(0.9324644801146036, -14.574360665680095, 131.4812910576469)	2.86	38.8
(0.7099621849809772, -14.276823671615308, 117.59739549761667)	1.52	43.4
(0.5438405702678253, -13.926366920379166, 121.8511086739925)	2.91	41.6
(0.39184253120826185, -13.572950537340795, 88.8813628553423)	3.36	33.0
(0.517256473889578, -13.236931394949568, 48.939397628593056)	2.95	39.1
(0.6209027937395106, -13.117461373923799, 49.48941033220828)	2.49	46.5
(0.7866876789584474, -12.929475853638117, 38.22569922010655)	2.93	45.2
(1.128447975876533, -12.716551572502597, 27.768491167062617)	13.4	32.0
(1.4588661029090595, -12.53830929648963, 26.756075968504465)	2.88	37.9
(1.7940134253709772, -12.38011240213251, 18.987510298365866)	2.81	44.7
(2.1539421152067533, -12.253000875640012, 17.659946284191573)	5.69	38.4
(2.438758974830467, -12.174858291492015, 17.501208509190015)	2.75	14.5
(2.5920257958506348, -12.120525793770458, 17.190919723395396)	2.87	40.0
(2.6542532862511123, -12.09448718040162, 16.638266172805466)	1.47	37.3
(2.95644590787564, -12.00765241960961, 9.158769033366847)	2.95	44.9
(3.253568204189044, -12.01148656567186, 22.713952235567504)	1.36	41.8
(3.573040510327939, -11.804850789811116, 41.11400879245549)	2.84	42.0
(3.801796001538939, -11.504801848609572, 55.21197423935872)	2.77	40.1
(4.017239159567374, -11.236140724844846, 74.4571072966304)	2.62	45.9
(4.033485269336367, -10.836867776899526, 101.53295709371719)	2.76	39.3
(3.9499648539988534, -10.498604573894905, 96.03407622176746)	2.52	38.6
(3.8769062597380923, -10.121119440734487, 97.03160254589201)	2.30	36.4
(3.8002108975722173, -9.72528728075823, 98.00312384866393)	3.06	39.0
(3.679776679174317, -9.380448961292052, 83.23547640894567)	2.90	43.3
(3.663631865220271, -9.046316947166101, 75.19520824699637)	1.29	45.9
(3.7433828908957487, -8.708728783698705, 49.672918474104975)	2.65	43.2
(4.038571334617924, -8.473298618817198, 36.52949504051865)	2.86	41.7
(4.298008385612082, -8.210812676805402, 46.712953105131795)	2.86	45.4
(4.542960749702797, -7.922674622425056, 73.06314207512483)	1.28	43.5
(4.5797637435162635, -7.554019353331695, 104.59250018491612)	1.28	45.3
(4.4555393674165344, -7.205407854205763, 112.61173558813066)	4.65	47.6
(4.288143387428903, -6.8743117149729365, 120.73590570255966)	1.28	40.1
(4.105414616355127, -6.5479051906095265, 118.06218323849006)	1.32	41.6
(3.916708261489859, -6.213766936814058, 114.80983637112644)	5.33	43.0
(3.9253990218604535, -6.2210067073771596, 114.9198106467649)	1.50	37.6
(4.0420445332663455, -6.439332305902985, 116.3548138553759)	2.58	38.6
(4.15289978279549, -6.678987061043868, 115.5065723982327)	2.60	53.6
(4.275818550464113, -6.9312266706938495, 115.01097922827826)	1.38	43.2
(4.37813524545815, -7.1711032883369015, 114.52905426380549)	2.86	24.8
(4.465024447637521, -7.427121461543166, 105.72897056359737)	1.76	51.3
(4.46333612368835, -7.6878587029897485, 67.22596657238088)	3.21	40.0
(4.333131496096847, -7.919206859323344, 59.497265325260194)	1.31	43.8
(4.299751003003472, -7.958671097819767, 45.5499653360781)	2.20	44.2
(4.567750555293365, -7.841422648302332, 19.493401157783975)	3.07	41.1
(4.9302479582297245, -7.738778012886465, 10.986276156147442)	2.86	29.0
(5.31274182773101, -7.6609314470162175, 17.981050431556117)	3.22	34.1
(5.636529673079679, -7.445636131841297, 50.09457068530776)	2.73	31.3
(5.870230008881563, -7.146849719355352, 79.46755635703717)	2.90	31.8
(5.886509199178093, -6.750981378395251, 105.69278983000804)	2.60	33.3
(5.81311732557722, -6.547207268844144, 120.20225183983962)	1.27	32.1
(5.613475334088079, -6.262112762050805, 125.43518954032253)	1.30	32.7
(5.406114617807372, -5.949750964438673, 122.80660798416037)	2.53	33.1
(5.201044024702814, -5.625556369675569, 121.99830010386665)	1.64	39.9
(5.113517876586453, -5.492391483995331, 122.30268419190264)	1.37	28.5
(4.928205290981715, -5.163863499608878, 114.51422063343631)	3.11	33.7
(4.79592451384001, -4.825986226589728, 116.18364903149909)	3.02	38.3
(4.692505238028009, -4.6547204086258365, 121.60902863518629)	2.75	50.5
(4.8258060784812, -4.8471334027506074, 122.4553481381018)	2.91	44.1
(4.958425688945798, -5.069461034684043, 122.44969060273796)	3.30	51.5
(5.078093220602675, -5.276730718641192, 122.16908594098484)	1.41	34.9
(5.225317488333662, -5.511361993855262, 121.80520960500384)	1.24	45.3
(5.358656262642725, -5.723622909192745, 121.57497084956532)	2.84	43.6
(5.473841400061005, -5.9485364908544, 117.09997343316988)	2.93	30.3
(5.5951702565509365, -6.176226776081354, 117.78771628397446)	1.32	48.5
(5.6966989293156125, -6.417961048656128, 117.12366968665535)	1.48	28.3
(5.834625599544438, -6.64332843103981, 117.39626249109983)	2.45	28.8
(5.986647146858946, -6.878197741268702, 121.9253131156961)	2.57	40.4
(6.004309715945421, -7.1412491445986035, 65.03366692997159)	2.85	42.3
(6.034907250407326, -7.11512974213889, 42.31257712565601)	1.32	45.2
(6.254681547407081, -7.024415460903176, 6.4699315096058525)	3.13	36.1
(6.617960852794063, -6.987309334735583, 9.701823536793595)	2.88	36.7
(6.944334243638849, -6.835215785693954, 32.62228326142006)	3.17	45.9
(7.2427187761415865, -6.595523415544424, 63.84405314856046)	2.87	34.6
(7.337065722620967, -6.416983047684678, 67.50736769584447)	3.80	39.3
(7.321129304263859, -6.274884897332457, 108.94638391800099)	3.18	37.4
(7.1825847877160065, -6.0397349454799425, 134.04875107626913)	2.81	34.0
(7.109485536006101, -5.953195574957151, 120.68796976597692)	1.43	38.4
(7.026334626451611, -5.635260461512132, 122.78626428876827)	1.28	42.4
(6.8252623562310255, -5.303628935487179, 118.46222882646377)	2.41	49.9
(6.645726333744971, -4.963989351654268, 118.12449157342554)	3.72	44.5
(6.494459263215237, -4.660168619518256, 118.1914618149701)	1.16	36.3
(6.456934688834476, -4.534383542558933, 121.24140291409388)	2.65	34.0
(6.231224197733777, -4.247551440622907, 119.12063465085116)	2.83	44.9
(6.338175135697462, -4.423183621129965, 123.1294337780123)	2.81	37.3
(6.501342688101452, -4.635051984605374, 123.96000196214504)	3.72	33.6
(6.6364415829500665, -4.853943309489514, 120.85624513713523)	1.41	34.8
(6.748507943782037, -5.042566991489487, 114.73703225171005)	1.47	45.4
(6.875393288170336, -5.308318480370843, 118.65874802061825)	2.99	37.3
(6.966021478640041, -5.50996691623633, 109.09449258259532)	3.77	33.1
(7.051018002739109, -5.75735893782138, 102.15860245533597)	1.31	43.1
(7.102258788109754, -6.022583332689436, 101.18913583925334)	3.28	41.4
(7.039563562530017, -6.353840499788831, 75.5714252621728)	7.19	44.4
(6.896841834332243, -6.557144470575727, 40.21034446751416)	2.73	42.1
(6.879152498910312, -6.579372362031631, 26.451679343404926)	2.48	32.7
(7.251627687206451, -6.48565033995413, -22.907514156018507)	1.52	38.9
(7.585165742135175, -6.770719797489502, -53.990150302244274)	2.52	34.3
(7.771895256655753, -7.076289081591293, -63.166245087926505)	2.85	55.0
(7.952042781507711, -7.389841330263614, -64.1474184348315)	1.82	48.7
(8.124716278931881, -7.72260642218758, -69.17135245110228)	2.91	31.8
(8.267251886016336, -8.069159247351866, -68.55685078158176)	2.86	41.9
(8.427306447859525, -8.404438678965429, -62.549204602336374)	1.28	31.1
(8.59686977891382, -8.72413758625392, -62.38188774092276)	1.39	29.6
(8.62114840358668, -8.75048204449073, -121.49009116454354)	2.83	40.0
(8.614483994783182, -8.744602845755848, 178.31123226181862)	3.33	42.6
(8.558994899652511, -8.690867488988353, 128.47096931688264)	2.64	45.3
(8.397580120350817, -8.38106959446683, 114.34286386073684)	1.33	29.5
(8.27064770455879, -8.028654914738, 112.83159930150087)	3.34	43.6
(8.11074544590269, -7.680026819649525, 116.049721247845)	2.87	34.5
(7.948965684800402, -7.352527787261144, 117.28676791406401)	3.42	40.8
(7.769629428417851, -7.071864877225417, 133.29973168198842)	2.53	34.3
(7.443802237259, -6.878696680414629, 174.5445593725342)	2.64	36.4
(7.073721486256698, -6.889831707704891, -167.64804088030127)	1.85	44.1
(6.7189467250061945, -6.994718563524305, -159.2314773728922)	2.83	37.1
(6.408566894239705, -7.177569330599425, -114.52060506950309)	1.33	34.7
(6.371167721251446, -7.544160762652314, -79.28574969079277)	2.88	46.1
(6.4675575896662885, -7.909142403379272, -65.77797665033405)	1.39	37.2
(6.612363244723198, -8.243720947136339, -64.84254917361034)	3.71	39.0
(6.766390328497085, -8.587690642746303, -61.07661076695538)	1.35	45.0
(6.956497199097807, -8.89275136878123, -60.260978428804165)	3.76	26.4
(7.143908906499373, -9.206410984999595, -59.647711165859015)	1.34	45.8
(7.326038266457012, -9.51364221837218, -63.66244518146344)	2.79	28.1
(7.492938152829716, -9.872709236036677, -69.27412475249258)	1.55	46.4
(7.468403709688108, -9.901274965579987, -98.32951630833435)	2.57	35.3
(7.436573278603419, -9.878067838875081, -155.2994592657634)	1.35	39.1
(7.434276799761914, -9.876567940935935, 142.49809555782494)	2.66	34.1
(7.4180558862183545, -9.866846644526605, 120.11738278305592)	2.40	35.5
(7.426980955201653, -9.850601468048827, 116.99198021866226)	3.00	40.6
(7.407729069919803, -9.765189779922828, 99.23308536128957)	2.50	59.3
(7.3608403547782295, -9.649102427063797, 115.36801468940503)	3.32	34.4
(7.251802073561905, -9.41615097019049, 116.80247510379509)	2.86	38.1
(7.117128478189546, -9.083897858776915, 120.10509542831728)	4.28	33.8
(6.921872946068149, -8.78582326390024, 122.40322963054555)	1.32	40.7
(6.749720983748679, -8.46202560742725, 115.56037166092275)	1.31	39.0
(6.590313879357163, -8.14531837632497, 114.41367173639097)	2.84	45.1
(6.188366251578749, -7.361505956355196, 122.83517154348641)	1.44	35.6
(5.949620318801198, -7.056274043747548, 139.53218923825165)	2.89	38.1
(5.611985841239168, -6.942132521867058, -163.0173408927964)	3.22	36.4
(5.288439932614978, -7.07396037426501, -147.45618316905984)	5.52	33.2
(4.99289648630565, -7.314065988490106, -133.57373495905725)	1.32	32.7
(4.787791080349354, -7.640609933539458, -106.12788773705866)	2.55	42.3
(4.744719228116988, -7.976707467936542, -74.79640861236618)	2.60	32.6
(4.904789114588814, -8.326291016078084, -57.61706472193232)	2.86	40.0
(5.107592798541871, -8.630197274004676, -58.71489381519867)	2.83	35.5
(5.3234563447848195, -8.948847340165184, -50.53368024877789)	1.89	43.0
(5.534175475079177, -9.26001365688246, -59.13532617165208)	2.94	26.0
(5.687220729827381, -9.557428321793996, -65.45427632198574)	2.90	289
(5.859118245260451, -9.956973989448125, -69.07707957625489)	2.83	41.9
(6.004148910507205, -10.31331423761232, -69.83612745439426)	1.38	38.9
(6.015497777142919, -10.325678778867369, -115.23204500127845)	2.91	30.1
(5.993203895196473, -10.305529525649396, -169.45241727162775)	2.92	52.3
(5.985554840794094, -10.310469118904667, 130.82496219680107)	2.78	39.6
(5.992922641466819, -10.31445236086421, 120.92653934775252)	2.76	34.6
(5.975772201680266, -10.272805679693644, 113.80669559054321)	2.63	34.5
(5.837834934840606, -9.954222283029987, 113.6460685212558)	2.59	38.9
(5.687227863596529, -9.623276349657713, 120.21869073702408)	3.73	44.7
(5.496835330297316, -9.313436351975879, 123.69321816707145)	2.84	46.8
(5.301401873832351, -9.001686608180279, 125.37710694690864)	2.68	45.1
(5.1023445693405165, -8.673763613771797, 118.8487614439508)	3.31	37.8
(4.937100196343266, -8.367517408209078, 125.94387289756327)	3.30	38.4
(4.69818046275652, -8.069166422301114, 133.95545841185512)	2.90	34.0
(4.40408882742646, -7.81494969759393, 164.84162385325186)	3.30	38.2
(4.036601101776842, -7.877462652896258, -141.34664638590024)	1.36	41.0
(3.768939917435036, -8.10138876526755, -138.02180609991981)	1.27	44.9
(3.44396514892739, -8.303637062334744, -148.60857166186153)	2.74	47.4
(3.1075977393095258, -8.470281812042197, -163.86512684009358)	1.51	43.2
(2.7395923743178976, -8.527590348399798, 170.31280108059647)	2.87	47.4
(2.4468957589506584, -8.353021501305037, 138.49935878605615)	2.87	39.4
(2.177860388296967, -8.092448814371089, 131.5075612512984)	1.32	35.6
(1.9201070415893042, -7.818300745326518, 131.0100068116497)	2.61	30.8
(1.6717608902916012, -7.514631409870168, 130.41450573090424)	2.32	38.1
(1.4484881982682332, -7.196934508388502, 116.34815488464024)	2.58	43.1
(1.293306298288595, -6.885863497649947, 116.55395225650436)	1.38	38.5
(1.2918077785760431, -6.882103607806577, 116.69940542590253)	1.27	38.5
(1.2933831652307326, -6.881296334466729, 116.74933010154638)	4.20	32.6
(1.2922434782526544, -6.881880342786484, 116.66093627275443)	2.91	43.7
(1.2794951833994084, -6.855525117684078, 116.43399323559602)	1.29	38.5
(1.2802033044083672, -6.854644340512667, 116.49232973155688)	2.84	37.1
(1.283220330385804, -6.858050889914676, 116.58149222910248)	2.85	40.0
(1.2821823863321526, -6.8585824262166675, 116.50366053872631)	2.83	31.9
(1.2831216610436407, -6.85810141897457, 116.53672336996725)	1.38	33.7
(1.2831216610436424, -6.85810141897457, 116.53672336996725)	3.07	46.8
(1.1182304714777231, -6.518929931864692, 97.03269001585853)	7.88	28.7
(0.9263605811693125, -6.298437171420364, 110.94450483883516)	2.61	35.1
(0.7800864674568242, -5.955179881499777, 130.72306419065208)	1.85	37.3
(0.564268312911679, -5.6646826264133985, 121.39859253950952)	1.64	39.4
(0.558679619243506, -5.610778427005954, 109.06531159513533)	2.26	38.4
(0.5590414736231892, -5.621709077629216, 109.92078538044213)	9.36	35.0
(0.5589398059697963, -5.5777666680953395, 111.21524226595437)	2.08	26.7
(0.5448337360060407, -5.551187893764338, 113.56415729303887)	2.82	47.5
(0.2983226813615012, -5.424670403098576, 97.31848630997877)	2.89	39.7
(0.31462238252381525, -5.024581481835709, 91.1006201269657)	2.82	29.5
(0.2826068329732614, -4.638494483556146, 91.03485537315993)	1.27	38.4
(0.2552150039035759, -4.246638995172955, 91.50914475837482)	2.92	31.9
(0.2351319712685509, -4.135568544585375, 92.41410847789295)	2.63	32.9
(0.1945756238721934, -3.882560698113929, 93.1550385246978)	2.99	39.7
(0.15661872908719232, -3.5702288256992514, 93.86519561559109)	1.25	47.9
(0.20530693579683046, -3.20469077939595, 107.16594891807742)	3.20	46.5
(-0.010389750560486632, -2.8745802097589532, 101.11690783495575)	2.76	31.5
(-0.009296210041981112, -2.688447203085973, 110.07695162172736)	2.53	37.6
(0.017208121840383228, -2.677066203780786, 174.91541579785655)	3.47	33.6
(0.06518230804157454, -2.5602577232248223, -130.3634264024517)	2.85	43.4
(0.08892252017391655, -2.5773175674473396, -93.57077081434342)	3.43	40.2
(0.08767837810504986, -2.577331546453541, -99.15794280030474)	2.85	29.6
(0.07728179745141617, -2.6224246221725434, -99.11033679142804)	4.45	45.0
(0.12180661992962172, -2.815156720164934, -72.2038914154255)	3.35	41.2
(0.11125475565139453, -2.9203715516581816, -79.06243248237918)	1.25	46.2
(0.09312404205403624, -2.815680553899867, -80.71923193735182)	3.34	37.1
(0.117084050431977, -2.560692352186159, -83.66442301127903)	6.39	48.1
(-0.24959004439165255, -2.2905150248037582, -75.71730077403701)	3.01	44.1
(-0.33807176142693507, -1.9179144226939258, -80.81274099325071)	2.82	45.9
(-0.46727762749493884, -1.7203647597548706, -74.42086431291811)	2.83	41.1
(-0.4705868731852245, -1.7228869868127124, -81.08866867540654)	2.61	48.2
(-0.4412995934069155, -1.8066070568868575, -79.01865877867166)	2.88	29.1
(-0.4502143160976022, -1.820446391607815, -79.28693760993038)	3.89	41.8
(-0.4597960770601599, -1.743898947609523, -79.80084398816572)	1.65	46.2
(-0.3921215903369202, -2.114612995482693, -84.7833698185747)	1.74	45.0
(-0.17347180999131417, -2.54313577891841, -83.57052823343895)	2.92	31.1
(-0.07833300573308932, -2.9333857708239606, -76.18717692537275)	3.32	47.4
(-0.017598277694260034, -3.1382680543603385, -74.61721601629955)	1.46	45.6
(-0.010215483027256056, -3.1607582105418803, -77.53296933697348)	3.71	35.3
(0.003774556233970827, -3.2059966933617137, -78.06849092659948)	2.87	33.6
(0.7261176527322277, -3.7713263472151812, -118.77828988597578)	3.09	41.0
(0.4962837696652507, -4.1042416579600935, -139.948016459855)	2.86	40.3
(0.1526395729576393, -4.203539806958511, 166.12896482605126)	4.14	51.7
(-0.19512420008678077, -4.053930924046615, 160.0986748116215)	2.88	39.1
(-0.5919856686274692, -3.929890535262949, 161.03683725059474)	2.55	53.6
(-0.5871117500004139, -3.938422281699596, 160.54213288878012)	2.67	36.7
(-0.8762482231030368, -3.8887652755103668, -175.34014759144307)		33.1
(-3.2323771046280623, -4.341339561358927, 169.6956456516139)	3.28	33.1
(-3.7189209677896997, -4.169763218320094, 169.3294326948403)	2.79	38.7
(-4.09725574481492, -4.099514218409853, 171.06998737114935)	1.59	30.0
(-4.40711081480802, -4.046213832575608, 170.96289210891752)	2.80	41.7
(-4.776625306979199, -3.9669433305897073, 167.64372343598166)	2.94	32.9
(-5.16750643611331, -3.8655675554775994, 164.2205404674573)	3.33	37.2
(-5.377899511792386, -3.7765776651405005, 159.63012187656895)	2.99	30.3
(-5.67695369644359, -3.593411608371002, 133.98844794549518)	3.71	36.5
(-5.990202362444704, -3.395715095174384, 157.47601371119973)	3.33	36.3
(-6.398534496822375, -2.8159467887816705, 128.03360694642626)	3.00	37.5
(-6.43161386038609, -2.517869601576402, 68.62992836013183)	3.73	46.8
(-6.249302652421804, -2.1476438138839384, 49.285436714702165)	3.56	34.0
(-6.009424314541109, -1.7668331285116183, 48.62946217917167)	3.27	36.5
(-5.765694147425847, -1.457151222806929, 32.67598886393534)	3.27	44.6
(-5.427808316346196, -1.2867285000893585, 11.579561590056308)	3.31	52.8
(-5.282330811135809, -2.0937599937301385, -3.0232653400012692)	3.52	22.6
(-5.0699691777144835, -2.12843050496339, -14.829013652481528)	3.33	40.7
(-5.122149687094604, -2.1131913088817313, -15.782066155386964)	3.77	39.1
(-5.424018704305363, -2.0992999835567616, -18.063734215648864)	3.72	22.6
(-5.4516322400589825, -1.1096776559941874, -25.26691083932404)	3.08	45.2
(-5.700464985991617, -0.9828709456927562, -24.831121537927963)	1.38	42.8
(-5.828371124391644, -0.8908440082187052, -50.05374836734163)	5.55	38.6
(-5.850440543249144, -0.9632898626266524, -98.96824611349119)	1.31	42.6
(-5.917525592332398, -1.3099931319760865, -110.1219103747876)	3.27	32.9
(-6.040090504794579, -1.6585796063221991, -109.89463479323207)	2.33	45.4
(-6.1183836897715675, -2.026312057654838, -92.46941143314274)	3.56	42.6
(-6.112186970557968, -2.4184186924556927, -80.34601062850246)	3.35	43.5
(-5.968877420694641, -2.788469706459564, -56.02806851512524)	3.33	35.4
(-5.70730109752143, -3.062851203015634, -34.975600223848076)	3.23	36.3
(-5.331743517837001, -3.2252804981488854, -18.721298994296948)	3.42	41.9
(-4.964338348937957, -3.3169321199796737, -14.584698975761505)	3.28	36.2
(-4.6207862374739666, -3.4124646175391202, -15.25230328623805)	3.21	33.6
(-4.245746412125598, -3.508907530313449, -15.715792754691513)	1.54	31.9
(-3.8629273900320413, -3.621377161455138, -13.50899519386804)	3.27	36.1
(-3.505946115304779, -3.7073754383341067, -14.05627900854659)	3.34	48.3
(-3.265466877280181, -3.9593336938057426, -19.227989491110804)	1.34	46.4
(-2.9379922404993266, -4.08749665790211, -16.52400596683092)	1.35	36.0
(-2.7235507696489023, -4.160190703444504, -17.27346199256118)	2.95	41.8
(-2.647855173488278, -4.185979085723812, -15.076611264709037)	2.99	31.3
(-2.3366273462597356, -4.339765899108306, -15.064137387807323)	4.53	31.1
(-1.9827209642470116, -4.4475611808201245, -14.420452973875058)	4.83	38.9
(-1.9284479771462912, -4.492166874058254, -14.83718343788067)	3.67	38.7
(-1.9284750597422438, -4.492159580462408, -14.852231993774017)	3.50	45.9
(-1.9282070367735358, -4.492231761549289, -14.850310729433136)	3.21	31.9
(-1.6991087173803052, -4.558689435941461, -14.270041741817336)	1.40	35.9
(-1.3424813139862124, -4.670838025090465, -13.43798174605833)	1.58	40.9
(-0.9517402947749645, -4.683270782287125, 2.5353516355940564)	3.23	47.4
(-0.579476521030255, -4.6229280451108385, 15.654614124005944)	1.32	38.1
(-0.2511822192009703, -4.579775382360789, 12.891304027410989)	3.72	23.5
(0.07749779880267127, -4.383716932983552, 38.01091399099101)	1.61	52.6
(0.37271608699975545, -4.126424111226659, 52.965074921427906)	3.70	38.2
(0.6220865818731411, -3.721904478193964, 65.12115165892361)	1.31	47.4
(0.7822476940603309, -3.38627921149937, 66.16176938525348)	4.51	38.5
(0.9542585866046132, -3.0776115813638336, 65.82675205777177)	2.03	31.7
(1.0704321998234008, -2.733440687274186, 75.89359980283797)	3.17	37.8
(1.1549795251713633, -2.3569662736411168, 75.21655823173873)	1.42	41.7
(1.2801587545986202, -1.9885399092796217, 65.38512553286299)	3.96	31.6
(1.4399875065044867, -1.6395620188874211, 65.5571422099709)	3.10	38.1
(1.458415129854842, -1.0331318124813613, 63.40532091630873)	3.24	53.5
(1.633792613143875, -0.7400435027447667, 64.23730852639511)	2.67	42.9
(1.7896429468539417, -0.4010064094423491, 65.36781006880629)	3.72	27.4
(1.9175279118943358, -0.0568191550323256, 67.07611536430159)	1.45	43.0
(2.0726940648842955, 0.28097342153442817, 68.84450601220632)	2.91	37.0
(2.233073107180047, 0.588707805657199, 69.23106366275266)	1.85	26.1
(2.4191548380994625, 0.8756111240818729, 72.02428480254926)	2.83	35.5
(2.5725476790133612, 1.2202256368312394, 66.52418669298598)	1.42	30.6
(2.664747728086155, 1.5823310490579363, 69.26294393454228)		172
(2.1862931948121727, 4.532868702971477, 159.1478351896353)	3.21	37.0
(1.8275703096286335, 4.642355471098238, 172.50969431078207)	3.23	36.0
(1.3454113980012323, 4.728232323381121, 176.25593361756208)	1.24	40.7
(0.9764384633759171, 4.741033104642895, -177.9570085575528)	4.24	41.9
(0.7319017171547486, 4.686127526494419, -171.83953786133713)	4.58	29.6
(0.7256379051712756, 4.652978294455634, -172.884724100938)	5.24	33.3
(0.4955509084357814, 4.603610693963347, -157.2335665849391)	2.83	41.9
(0.18022507042323355, 4.408400402352701, -135.35176514921878)	5.98	38.2
(-0.12816016275359132, 4.142946135785003, -147.49320568593356)	4.12	39.7
(-0.20856725616864935, 4.138613810970325, -150.5455931796437)	1.74	33.0
(-0.15855487449618622, 4.18362634310445, -110.66251105194512)	3.82	37.1
(-0.20050918903277193, 4.189175057928452, -51.2976380711958)	3.60	27.9
(-0.1662633314031865, 4.108204677151251, 8.258150914247585)	3.69	38.8
(-0.08748397526899154, 4.136119247969525, 54.84654521909596)	3.27	41.7
(0.11526675742488024, 4.332381804943447, 59.04139424251836)	3.77	36.3
(0.2773534199715506, 4.69008380804598, 51.850934581272284)	3.77	33.2
(0.6016548677777891, 4.843284812753506, 22.137762905600027)	3.69	35.4
(0.9480685564501172, 4.978644965911288, 46.88800091464403)	3.78	32.5
(1.2228915593578904, 5.28463922504608, 59.542675022770794)	2.20	27.6
(1.3700820857508198, 5.615544870039001, 64.84661189307108)	3.72	26.5
(1.521213910787985, 5.96890889459627, 67.23843241379753)	1.63	33.8
(1.670727994664368, 6.320983546807538, 67.48354149772432)	3.36	37.0
(1.8138295458143396, 6.677577381623793, 82.45812980241124)	2.94	29.6
(1.772095403593255, 7.010841528868749, 127.99760817971415)	3.00	31.1
(1.6547681129763845, 7.089028787387706, 160.25838906635528)	3.10	29.2
(1.310840193687266, 7.226653949990828, 155.3079539910128)	3.31	31.8
(0.9785630731436541, 7.385589606709427, 156.4190565777636)	3.30	33.2
(1.078180205392755, 7.3388510794966155, 156.0520760118787)	1.39	31.6
(1.3091790207969325, 7.228405298822228, 155.50207412476144)	3.32	34.3
(1.5616978827536485, 7.101628545540704, 154.97681689609612)	3.93	31.3
(1.8022252880377678, 6.997379223390579, 156.45232995809155)	3.28	37.5
(1.8282961128650008, 7.004690183568284, -151.06964117583902)	2.65	30.3
(1.8154416830165552, 7.0108291832614675, -91.14766831345284)	3.92	30.1
(1.8627699019353336, 6.984690131208616, -36.98481555686563)	3.29	34.2
(2.105044383579525, 6.817316595975319, -53.90730306489837)	3.69	55.7
(2.337443114074638, 6.459791104744506, -57.49204438549586)	3.37	37.3
(2.522261420687194, 6.3038835200356615, -14.005715175935565)	3.80	34.2
(2.7984804967655172, 6.310675838898883, 18.5760490336835)	5.77	32.2
(3.145620144833675, 6.409597059378038, 11.663251059438936)	2.98	24.6
(3.516498353158731, 6.469476607860205, 0.2939284196262575)	3.37	35.8
(3.920762760460722, 6.408764904878778, -10.012712293302828)	3.05	37.1
(4.320196086755722, 6.305355191462667, -16.872084810093845)	3.95	40.2
(4.677811075881035, 6.195130820931544, -20.1654124927565)	3.31	35.9
(5.0366002073080125, 6.059268116877041, -20.648518890074527)	3.35	21.3
(5.42613759670353, 5.904221679831373, -24.837155536904298)	3.27	35.3
(5.757395500322229, 5.734898516185021, -24.75605058249276)	3.27	35.5
(6.115618586732797, 5.58856424409767, -14.936488699965006)	4.16	33.1
(6.494808647471974, 5.4866289270428705, -15.159378799425795)	3.09	30.2
(6.869578491010213, 5.334571825269249, -27.962984079813364)	3.00	44.4
(7.146526745398937, 5.090868222338441, -69.36648030732746)	7.39	29.2
(7.082703648053737, 4.7330946903068725, -128.5139495059807)	2.57	37.1
(6.743913249189216, 4.595568821973812, 173.6987919596888)	2.51	25.9
(6.442551410451156, 4.661494126780594, -154.83779192459122)	3.05	30.4
(6.338845778891372, 4.531353304646501, -98.15373253709576)	3.19	33.2
(6.292886077061379, 4.261970502862379, -108.6911076544385)	1.48	31.7
(6.140934248353101, 3.8714189072268272, -117.48414260083067)	3.98	44.7
(5.957586236233869, 3.5207408667293265, -124.86135859477584)	3.62	37.3
(5.727786236984258, 3.2157258397672486, -125.7154140602856)	3.30	32.0
(5.515355985769379, 2.89060760588457, -118.30089187165447)	3.39	31.5
(5.346759372429428, 2.544951929539117, -99.37650992674216)	1.33	38.0
(5.430014732812413, 2.1084609866505346, -55.485602451792616)	3.71	40.7
(5.738578957747553, 1.85839390241882, -28.47582840057101)	1.88	31.1
(5.6156476131509265, 1.912264817022221, -21.78171260941888)	4.49	31.0
(5.368398993059934, 2.017997245867573, -21.74496924721)	1.36	43.2
(5.301922780580661, 2.018131747572795, 17.98768765459841)	4.79	35.2
(5.308737366858757, 2.000897066936963, 73.34693855850428)	4.33	38.5
(5.314150330184788, 2.022109324422919, 138.2427533147993)	3.52	33.7
(5.10055902049109, 2.1388392661811757, 159.23516986488468)	1.37	33.5
(4.715146110693233, 2.167915438080632, 166.9836030507762)	1.37	33.8
(4.3676757750796895, 2.204853793695456, 173.1859461744974)	1.37	27.2
(3.9896884493232463, 2.2596176015602634, -161.77584620608658)	3.44	31.0
(2.611431657832753, 2.205787621651236, -161.29858873215048)	1.32	35.5
(2.3533276227611566, 2.0280534262901764, -114.28294848381171)	3.76	37.3
(2.455751639094295, 2.2521607677641438, -113.35159529827393)	3.83	44.8
(2.5711377326082676, 2.5427708501241852, -114.58893505967364)	4.14	36.4
(2.64564228380895, 2.723338577520452, -129.61402051319126)	3.78	39.2
(2.55584961144487, 2.7425803639399264, 177.55703061349251)	3.17	39.0
(2.3843546754689733, 2.807547678506955, 141.0430087549282)	3.24	37.8
(2.20141838869662, 3.050703387493397, 112.38645935681888)	5.44	22.9
(2.196714466236674, 3.427398661672842, 74.47629194746499)	1.37	33.3
(2.2940199018189453, 3.708255456356026, 39.243158675236245)	3.01	34.1
(2.381534296067798, 3.743730596952094, 40.73059451241545)	1.32	30.2
(2.680994167799863, 4.008859861291635, 14.281876516226015)	2.99	29.5
(3.044175047794237, 3.991318753639092, -18.536713914082387)	3.30	46.5
(3.4021510419077465, 3.856163756254091, -18.760978434130017)	3.73	33.5
(3.7519270523692683, 3.7067778256252186, -43.53914999525461)	13.6	33.6
(3.9417951225584886, 3.5610470240242753, -78.18591862289786)	1.82	30.3
(3.9476074723712316, 3.5652277772676504, -137.54031467650728)	3.26	34.1
(3.6884095700327677, 3.4594454212662944, -170.8461399274097)	3.50	29.3
(3.3049997931123976, 3.411297195410114, -174.20145876753787)	3.37	43.5
(3.1604629793418404, 3.4028960820621634, -173.92084582609937)	3.35	31.6
(3.160760758333076, 3.400507127774569, -173.9942265937197)	3.40	27.3
(3.1536383960937755, 3.3963008728049724, -174.26751814784814)	4.07	29.2
(2.77890713159384, 3.273555212817757, -171.66496795551907)	3.73	29.4
(2.406515244469464, 3.29618908368347, -172.44972163893755)	3.28	35.7
(2.0271116503243647, 3.0122461483560916, -165.64199113961647)	2.93	32.6
(1.6993996477603233, 2.9771638348007965, -148.72099419671778)	1.35	29.8
(1.393543121175366, 2.7659950080025224, -136.05308289331842)	1.49	33.5
(1.189801143770584, 2.513124918381923, -125.44170384826124)	4.00	33.9
(0.8967010473843224, 2.2163313703148617, -136.56620440946276)	3.72	34.3
(0.6590804613834145, 1.9381684788174098, -135.62383863851048)	3.30	31.4
(0.3993964202029012, 1.743940500555123, -136.01870067838786)	4.44	30.1
(0.19178116280462731, 1.514112390713633, -135.58586332626632)	3.24	38.9
(0.19133586382262635, 1.513674288252549, -135.6666577003792)	3.70	41.3
(0.006394471056246687, 1.3092184131585514, -145.5158874313381)	3.07	31.0
(-0.32937822134169537, 1.2061397895354729, -152.45647155656061)	1.48	41.0
(-0.6769123586025785, 1.0010777298257718, -128.30074662854187)	3.28	30.5
(-0.8375578817536571, 1.1661364606979756, -130.9201669862283)	3.37	45.6
(-0.8380141524298494, 1.167526129796637, -130.91394302912218)	1.30	31.1
(-0.9848145183976946, 1.1002665132138043, -123.73580641983747)	3.31	27.6
(-1.015181176504619, 0.7525171902722683, -62.1576747480797)	3.25	31.3
(-0.803859462308413, 0.504527082833083, -34.49486730079685)	3.41	33.5
(-0.5707693225540353, 0.294645361138393, -53.802419554073545)	10.5	36.2
(0.02616904933589126, -0.2185303910292049, -67.60561500022638)	4.01	34.2
(0.3417021754361542, -0.6138313217268232, -104.42152975903295)	2.17	33.4
(0.4751897790746966, -1.1022556437159636, -110.06699891138368)	1.85	35.7
(0.4657270015830157, -1.525147621422116, -126.669667850452)	3.86	36.8
(0.21542346510091193, -1.7655477823557781, -136.74377251989756)	3.20	29.8
(0.004234937233174918, -2.0286722050515964, -143.29747886744914)	3.70	38.2
(-0.22168873603252592, -2.3067910084310608, -125.32998730768142)	3.29	43.3
(-0.07753932694117793, -2.2160847175691822, -106.31279250112331)	7.72	35.5
(-0.12920621530081533, -2.2358812553589305, -44.19332679703305)	4.13	43.0
(-0.06024354239536578, -2.2708329684264923, -6.345292763021586)	1.54	29.8
(-0.06757417265569998, -2.2702462231686695, 0.016610106216591956)	3.71	41.6
(-0.013739172233862007, -2.2748744524835276, 24.82216610319682)	2.93	38.3
(0.0743111508330685, -2.2311103190311554, 29.65328781365312)	2.59	31.0
(0.3083951292940732, -2.1244504557030828, 18.392444103335414)	5.27	35.9
(0.5461924150455104, -2.0415610712651517, 12.757454556879402)	3.99	42.1
(0.8022442989383087, -1.9914866542146399, 0.13234832220569323)	1.27	31.0
(1.0751294608463873, -2.037508506342011, -19.648206792476422)	3.30	38.0
(1.1333123444515394, -2.0836561891003456, 7.2129055736863625)	3.65	40.8
(1.1638739566118446, -2.0886327381577727, 36.61670671335724)	3.26	35.8
(1.1728123636869086, -2.0732906379457976, 39.32707776511433)	4.39	39.5
(1.2300670775151197, -2.0003962574245477, 80.75733269423857)	7.33	47.8
(1.2693606219260403, -1.914891689163623, 42.06083704030082)	3.29	34.0
(1.3495273058615709, -1.829662826276115, 66.01260256877183)	4.56	37.6
(1.4298293310635515, -1.5089331581674053, 81.86091929539425)	5.45	38.2
(1.492898734763635, -1.3100347769029472, 106.39408149440855)	2.28	40.2
(1.4910846814028993, -1.3150202938442952, 165.8462910450302)	3.28	39.3
(1.4986847584415415, -1.2790645930764661, -132.92091840881108)	4.04	32.0
(1.4895353068156147, -1.2624707592373916, -112.05014551481275)	3.83	43.0
(1.4900403489046496, -1.262285881369408, -112.09956258312104)	3.49	30.3
(1.4900403489046496, -1.262285881369408, -112.09956258312104)	3.86	31.5
(1.4723237337807689, -1.258059694103661, -56.40145721601543)	8.52	25.0
(1.442160959506971, -1.3146936990855682, -9.72915457512765)	3.63	43.1
(1.5128502259611523, -1.3240447984980026, 14.347180950381526)	5.76	33.7
(1.6311987482934498, -1.2546744770376392, 49.335363477609306)	4.50	33.4
(1.6315006446678062, -1.2546068438231455, 47.677231876809486)	4.11	30.0
(1.6406868719110044, -1.2379476304754178, 21.40958373363077)	3.22	36.0
(1.6503304769691418, -1.2337262469766532, 20.758007276657086)	6.69	30.4
(1.7480576171683992, -1.1968239363425361, 23.584550284546868)	3.16	36.0
(1.90454662026508, -1.1042932961010479, 35.627859490039306)	6.33	35.6
(1.9362021482914251, -1.0879647634190999, 20.073879831319577)	2.85	35.2
(1.6751873221843994, -1.1693887143722659, 24.61849146974927)	3.31	43.9
(1.490810901871214, -1.3536066989628956, 48.40942057518988)	2.64	39.5
(1.3296962778736763, -1.541764999391809, 31.669559978573872)	2.76	32.4
(1.1025026153131279, -1.6845803145156673, 43.7775444051015)	2.51	39.7
(0.9023125489057584, -1.8093106468113707, 8.918576720964909)	1.40	35.5
(0.6497481744341371, -1.8031976827725043, -26.166569532809564)	2.88	38.2
(0.46896609125136024, -1.7470447417639257, 3.8247991159114703)	3.21	40.4
(0.458451670886042, -1.7584589421666568, 4.220635892934204)	1.28	40.3
(0.4552386169751337, -1.760989050194361, 4.1547536398873435)	3.84	36.9
(0.4540258663274557, -1.7673720579035752, 4.137912773058848)	2.80	36.2
(0.4550741918721428, -1.7634648620586226, 4.10691872054188)	1.33	33.9
(0.4578557599281332, -1.7592869872869912, 4.017383406708283)	1.41	42.7
