0.972
1.11
1.16
1.18
1.18
1.19
1.20
1.22
1.22
1.24
1.24
1.24
1.25
1.25
1.25
1.25
1.25
1.25
1.25
1.26
1.27
1.27
1.27
1.27
1.27
1.28
1.28
1.28
1.28
1.28
1.28
1.28
1.29
1.29
1.29
1.29
1.30
1.30
1.30
1.31
1.31
1.31
1.31
1.31
1.31
1.31
1.32
1.32
1.32
1.32
1.32
1.32
1.32
1.32
1.32
1.32
1.32
1.33
1.33
1.33
1.33
1.33
1.33
1.33
1.33
1.33
1.33
1.33
1.34
1.34
1.34
1.34
1.34
1.34
1.34
1.34
1.35
1.35
1.35
1.35
1.35
1.35
1.35
1.35
1.35
1.36
1.36
1.36
1.36
1.36
1.37
1.37
1.37
1.37
1.37
1.37
1.37
1.37
1.37
1.37
1.38
1.38
1.38
1.38
1.38
1.38
1.38
1.38
1.38
1.39
1.39
1.39
1.39
1.39
1.39
1.39
1.39
1.39
1.40
1.40
1.40
1.40
1.40
1.40
1.40
1.41
1.41
1.41
1.41
1.41
1.41
1.42
1.42
1.42
1.42
1.42
1.42
1.43
1.43
1.44
1.44
1.45
1.45
1.46
1.46
1.46
1.46
1.46
1.46
1.46
1.47
1.47
1.47
1.48
1.48
1.48
1.48
1.49
1.50
1.51
1.51
1.52
1.52
1.53
1.54
1.54
1.54
1.55
1.57
1.57
1.57
1.58
1.58
1.59
1.59
1.60
1.61
1.63
1.63
1.64
1.64
1.64
1.64
1.65
1.65
1.67
1.68
1.69
1.69
1.72
1.74
1.74
1.74
1.75
1.75
1.76
1.76
1.76
1.79
1.82
1.82
1.82
1.84
1.85
1.85
1.85
1.85
1.85
1.86
1.88
1.89
1.89
1.90
1.91
1.93
2.03
2.04
2.08
2.13
2.17
2.17
2.20
2.20
2.23
2.26
2.27
2.28
2.30
2.31
2.31
2.32
2.33
2.38
2.40
2.41
2.42
2.44
2.45
2.45
2.47
2.48
2.49
2.50
2.50
2.50
2.50
2.50
2.51
2.51
2.51
2.52
2.52
2.52
2.52
2.52
2.53
2.53
2.53
2.53
2.54
2.55
2.55
2.55
2.56
2.56
2.57
2.57
2.57
2.57
2.57
2.57
2.57
2.58
2.58
2.58
2.58
2.58
2.58
2.58
2.59
2.59
2.59
2.59
2.59
2.60
2.60
2.60
2.60
2.60
2.60
2.60
2.60
2.60
2.60
2.61
2.61
2.61
2.61
2.62
2.62
2.62
2.63
2.63
2.63
2.63
2.63
2.64
2.64
2.64
2.64
2.64
2.65
2.65
2.65
2.65
2.65
2.65
2.66
2.66
2.67
2.67
2.67
2.67
2.67
2.68
2.68
2.69
2.69
2.70
2.70
2.70
2.71
2.71
2.71
2.72
2.73
2.73
2.73
2.73
2.73
2.73
2.74
2.74
2.74
2.74
2.75
2.75
2.76
2.76
2.76
2.76
2.77
2.77
2.77
2.77
2.78
2.78
2.78
2.78
2.78
2.78
2.78
2.79
2.79
2.79
2.79
2.79
2.80
2.80
2.80
2.80
2.80
2.80
2.80
2.81
2.81
2.81
2.81
2.82
2.82
2.82
2.82
2.82
2.82
2.82
2.82
2.82
2.82
2.82
2.82
2.82
2.83
2.83
2.83
2.83
2.83
2.83
2.83
2.83
2.83
2.83
2.83
2.83
2.83
2.83
2.83
2.83
2.84
2.84
2.84
2.84
2.84
2.84
2.84
2.84
2.84
2.84
2.84
2.85
2.85
2.85
2.85
2.85
2.85
2.85
2.85
2.85
2.85
2.85
2.85
2.85
2.85
2.86
2.86
2.86
2.86
2.86
2.86
2.86
2.86
2.86
2.86
2.86
2.86
2.86
2.86
2.86
2.86
2.87
2.87
2.87
2.87
2.87
2.87
2.87
2.87
2.87
2.87
2.87
2.87
2.87
2.87
2.87
2.87
2.88
2.88
2.88
2.88
2.88
2.88
2.88
2.88
2.88
2.88
2.88
2.88
2.88
2.88
2.88
2.88
2.89
2.89
2.89
2.89
2.89
2.90
2.90
2.90
2.90
2.90
2.90
2.90
2.90
2.90
2.90
2.90
2.91
2.91
2.91
2.91
2.91
2.91
2.91
2.91
2.91
2.91
2.91
2.91
2.91
2.91
2.91
2.92
2.92
2.92
2.92
2.92
2.93
2.93
2.93
2.93
2.93
2.93
2.93
2.94
2.94
2.94
2.94
2.94
2.94
2.94
2.94
2.94
2.94
2.94
2.94
2.94
2.95
2.95
2.95
2.95
2.95
2.95
2.95
2.96
2.96
2.96
2.96
2.96
2.97
2.97
2.97
2.97
2.97
2.97
2.97
2.97
2.98
2.98
2.98
2.98
2.99
2.99
2.99
2.99
2.99
2.99
2.99
2.99
2.99
3.00
3.00
3.00
3.00
3.00
3.00
3.00
3.01
3.01
3.02
3.02
3.02
3.02
3.02
3.03
3.03
3.03
3.03
3.03
3.03
3.04
3.04
3.05
3.05
3.05
3.06
3.06
3.06
3.07
3.07
3.07
3.07
3.07
3.07
3.08
3.08
3.08
3.09
3.09
3.09
3.09
3.09
3.09
3.09
3.10
3.10
3.10
3.10
3.10
3.11
3.11
3.11
3.11
3.12
3.12
3.12
3.12
3.13
3.14
3.14
3.14
3.15
3.15
3.16
3.16
3.16
3.17
3.17
3.17
3.17
3.17
3.18
3.19
3.19
3.19
3.19
3.19
3.19
3.20
3.20
3.21
3.21
3.21
3.21
3.21
3.21
3.21
3.21
3.22
3.22
3.22
3.22
3.22
3.23
3.23
3.23
3.24
3.24
3.24
3.24
3.24
3.24
3.24
3.24
3.24
3.24
3.24
3.25
3.25
3.26
3.26
3.26
3.26
3.26
3.26
3.26
3.27
3.27
3.27
3.27
3.27
3.27
3.27
3.27
3.27
3.27
3.28
3.28
3.28
3.28
3.28
3.28
3.28
3.28
3.28
3.28
3.28
3.28
3.28
3.28
3.28
3.29
3.29
3.29
3.29
3.29
3.29
3.29
3.29
3.29
3.29
3.29
3.30
3.30
3.30
3.30
3.30
3.30
3.30
3.30
3.30
3.30
3.30
3.31
3.31
3.31
3.31
3.31
3.31
3.31
3.32
3.32
3.32
3.32
3.32
3.32
3.32
3.32
3.32
3.33
3.33
3.33
3.33
3.33
3.33
3.33
3.33
3.34
3.34
3.34
3.34
3.34
3.34
3.35
3.35
3.35
3.35
3.35
3.35
3.35
3.36
3.36
3.36
3.36
3.36
3.36
3.36
3.36
3.37
3.37
3.37
3.37
3.37
3.37
3.37
3.38
3.39
3.39
3.39
3.40
3.40
3.40
3.40
3.41
3.41
3.41
3.41
3.42
3.42
3.42
3.43
3.43
3.43
3.43
3.43
3.44
3.44
3.45
3.46
3.47
3.47
3.47
3.47
3.47
3.47
3.48
3.48
3.49
3.50
3.50
3.50
3.50
3.50
3.50
3.51
3.51
3.51
3.52
3.52
3.53
3.55
3.55
3.56
3.56
3.56
3.58
3.60
3.60
3.61
3.61
3.61
3.61
3.62
3.63
3.64
3.65
3.65
3.66
3.66
3.67
3.68
3.68
3.69
3.69
3.69
3.70
3.70
3.70
3.71
3.71
3.71
3.71
3.71
3.72
3.72
3.72
3.72
3.72
3.72
3.72
3.73
3.73
3.73
3.73
3.74
3.75
3.75
3.76
3.76
3.76
3.77
3.77
3.77
3.77
3.77
3.77
3.78
3.78
3.78
3.78
3.78
3.79
3.80
3.80
3.80
3.81
3.81
3.82
3.83
3.83
3.83
3.84
3.85
3.85
3.86
3.86
3.86
3.88
3.89
3.89
3.90
3.90
3.91
3.92
3.92
3.93
3.93
3.94
3.95
3.96
3.96
3.97
3.98
3.99
4.00
4.00
4.01
4.01
4.03
4.03
4.03
4.03
4.04
4.07
4.07
4.08
4.11
4.11
4.11
4.12
4.13
4.14
4.14
4.14
4.16
4.16
4.16
4.17
4.17
4.19
4.20
4.24
4.24
4.26
4.27
4.27
4.28
4.28
4.31
4.31
4.33
4.34
4.35
4.35
4.37
4.39
4.40
4.41
4.44
4.44
4.44
4.45
4.45
4.46
4.48
4.48
4.49
4.50
4.51
4.52
4.52
4.53
4.54
4.56
4.56
4.58
4.60
4.65
4.65
4.67
4.69
4.69
4.71
4.74
4.74
4.79
4.82
4.82
4.83
4.83
4.83
4.87
4.88
4.89
4.92
4.95
5.00
5.01
5.05
5.06
5.11
5.16
5.18
5.24
5.24
5.27
5.30
5.30
5.33
5.33
5.39
5.39
5.44
5.45
5.46
5.51
5.52
5.55
5.55
5.67
5.69
5.76
5.77
5.78
5.80
5.80
5.81
5.91
5.95
5.98
6.04
6.04
6.18
6.33
6.34
6.39
6.39
6.52
6.56
6.57
6.69
6.72
7.10
7.13
7.19
7.24
7.33
7.39
7.72
7.88
8.29
8.52
8.73
8.84
9.32
9.36
9.62
9.74
10.2
10.5
11.1
11.3
11.3
11.5
11.9
12.0
12.1
12.1
12.2
12.7
13.4
13.6
14.6
14.6
14.7
14.8
21.7
22.4
25.0
33.0
34.5
35.1
35.6
56.1
57.8
68.6
89.7
148
