2.31
4.69
3.33
1.20
4.60
1.32
3.55
1.59
4.14
3.09
1.31
4.82
1.39
2.23
1.69

1.89
2.69
2.65
2.91
2.72
3.22
1.85
2.62
1.44
1.42
3.77
5.00
1.24
4.87
2.69
4.89
33.0
6.04
2.85
5.39
3.03
7.13
5.51
3.11
8.84
4.56
4.82
2.68
2.70
5.24
5.91
3.10
2.95
2.50
3.14
2.94
1.68
3.32
3.61
4.67
11.1
2.60
11.3
3.09
3.24
1.54
3.14
2.98
4.17
3.85
21.7
89.7
3.28
2.31
14.8
25.0
4.95
3.12

1.69
1.86
1.58
2.97
1.48
6.04
1.43
8.29
3.51
3.90
2.13
4.08
148
3.93
9.32
35.1
68.6
57.8

1.42
1.37
1.41
3.66
1.46
1.26
2.88
2.82
1.29
2.88
2.95
2.86
4.27
3.21
2.57
2.59
3.43
2.74
2.86
1.33
2.83
1.35
2.80
1.91
2.83
2.88
2.89
3.33
2.59
3.15
2.57
2.58
2.94
2.78
2.95
2.71
3.41
2.65
2.80
2.78
5.06
1.39
2.88
1.34

7.24
2.90
3.07
2.82
2.99
2.90
2.60
5.95
1.18
2.63
2.84
1.33
2.82
2.85
3.24
2.97
2.82
2.96
2.67
2.94
2.85
2.54
2.74
2.60
2.62
3.19
2.94
3.28
1.42
2.77
2.86
2.90
2.86
3.22
1.33
2.87
2.58
2.74
1.38
2.85
1.22
3.09
2.71
2.79
2.60
2.80
2.78

3.43
3.29
2.83
3.12
2.84
2.84
2.88
2.94
3.09
3.06
2.17
3.12
3.00
2.64
1.64
3.29
2.93
2.97
4.35
3.03
3.64
1.30
3.16
3.92
2.87
2.60
1.41
2.67
1.37
2.93
1.11
5.11
1.35
2.67
3.16
3.17
2.91
2.87
2.86
3.19
2.57
2.38
2.97
2.52
2.85
2.92
1.25
3.31

2.56
2.60
2.77
3.61
3.32
12.1
3.74
4.07
3.28
3.68
4.74
3.26
3.27
3.25
3.30
2.59
3.04
1.29
3.21
1.34
3.55
1.34
1.41
3.26
1.33
2.79
4.00
1.76
4.24
2.91
4.88
2.89
1.53
3.77
3.56
1.39
5.39
3.28
3.29
3.36
4.31
4.35
4.83
3.80
2.94
2.99
1.67
3.97
4.44
3.26
3.24
3.29
3.29
3.86
3.12
5.80
3.35
3.29
3.08
3.08
2.79
1.19
4.83
5.67
1.34
3.61
3.48
3.30
3.35
3.91
3.33
7.10
4.48
3.66
2.96
4.41
2.91
3.37
3.90
3.88
3.53
14.7
9.62
3.27
4.54
3.24
14.6
2.91
2.60
2.51
2.94
3.30
1.51
4.01
3.32
3.47
1.32
3.19
4.45
3.83
2.50
5.18
3.96
4.69
6.56
5.78
3.40
4.48
1.90
3.29
2.78
2.87
1.57
3.47
2.94
2.93
1.36
3.24
4.40
2.42
5.46
3.89
2.99
3.27
3.07
3.37
3.85
3.40
3.44
3.45
3.50
5.33
4.16
1.40
3.02
3.34
1.84
1.82
3.35
3.76
4.03
3.50
3.61
3.34
3.15
3.26
4.11
3.36
3.26
4.52
2.98
3.48
5.05
3.94
4.34
4.74
3.81
10.2
1.39
2.99
2.83
2.96
3.28
3.11
3.24
6.39
2.73
3.40
3.51
3.43
3.19
3.24
3.46
2.90
3.36
3.32
3.78
3.39
3.00
1.79
3.65
4.65
3.43
1.46
1.47
3.41
6.18
1.46
3.38
3.42
6.34
2.89
1.46
2.70
2.63
3.50
2.82
2.04
1.64
3.47
3.04
3.29
2.96
3.36
1.34
2.71
1.40
2.63
2.58
2.83
3.36
3.51
2.97
2.73
1.72
4.31
3.50
3.19
3.28
2.81
9.74
1.75
1.60
4.26
2.61
1.45
2.94
2.84
2.91
2.47
11.5
4.16
4.44
3.41
3.39
4.46
1.25
1.39
2.96
3.03
1.93
1.46
1.74
2.66
1.25
1.37
3.37
4.19
3.60
5.01
1.38
1.25
2.82
3.78
2.91
0.972
5.80
1.75
5.30
2.97
14.6
3.75
3.07
3.06
1.38
4.92
2.87
3.75
3.47
4.03
3.03
4.52
3.47
3.05
3.00
5.30
35.6
3.03
12.1
3.09
3.03
6.57
5.81
12.7
2.77
3.02
11.9
5.16
3.10
1.63
11.3
8.73

3.11
3.10
3.17
4.03
2.85
4.03
4.17
12.2
4.27
3.68
1.25
3.28

3.81
56.1
5.55
3.32
34.5
1.40
3.78
22.4

1.39
2.27
6.72
3.34
2.84
2.92
1.28
3.36
1.42
2.84
1.33
1.40
1.22
2.91
2.82
1.40
2.94
2.90
2.86
4.28
2.52
3.02
1.35
1.37
3.24
3.58
2.78
1.36
2.80
3.21
2.90
2.53
4.37
2.73
3.02
1.35

1.37
2.82
2.65
2.82
2.50
1.18
2.44
2.58
2.97
4.11
2.73
2.83
1.57
2.88
2.64
1.35
2.88
2.88
2.70
2.85
2.56
2.57
2.45
1.33
2.87
2.91
1.57
2.78
1.38
3.32
2.87
2.82
1.46
1.34
2.83
3.79
3.28
4.71
2.58
2.98
2.87
1.31
1.76
2.88
2.86
6.52
3.14
2.85
2.95
1.65
2.50
12.0
2.52
2.55
2.80
2.87
2.88
2.87
1.33
2.90
2.97
2.86
1.52
2.91
3.36
2.95
2.49
2.93
13.4
2.88
2.81
5.69
2.75
2.87
1.47
2.95
1.36
2.84
2.77
2.62
2.76
2.52
2.30
3.06
2.90
1.29
2.65
2.86
2.86
1.28
1.28
4.65
1.28
1.32
5.33
1.50
2.58
2.60
1.38
2.86
1.76
3.21
1.31
2.20
3.07
2.86
3.22
2.73
2.90
2.60
1.27
1.30
2.53
1.64
1.37
3.11
3.02
2.75
2.91
3.30
1.41
1.24
2.84
2.93
1.32
1.48
2.45
2.57
2.85
1.32
3.13
2.88
3.17
2.87
3.80
3.18
2.81
1.43
1.28
2.41
3.72
1.16
2.65
2.83
2.81
3.72
1.41
1.47
2.99
3.77
1.31
3.28
7.19
2.73
2.48
1.52
2.52
2.85
1.82
2.91
2.86
1.28
1.39
2.83
3.33
2.64
1.33
3.34
2.87
3.42
2.53
2.64
1.85
2.83
1.33
2.88
1.39
3.71
1.35
3.76
1.34
2.79
1.55
2.57
1.35
2.66
2.40
3.00
2.50
3.32
2.86
4.28
1.32
1.31
2.84
1.44
2.89
3.22
5.52
1.32
2.55
2.60
2.86
2.83
1.89
2.94
2.90
2.83
1.38
2.91
2.92
2.78
2.76
2.63
2.59
3.73
2.84
2.68
3.31
3.30
2.90
3.30
1.36
1.27
2.74
1.51
2.87
2.87
1.32
2.61
2.32
2.58
1.38
1.27
4.20
2.91
1.29
2.84
2.85
2.83
1.38
3.07
7.88
2.61
1.85
1.64
2.26
9.36
2.08
2.82
2.89
2.82
1.27
2.92
2.63
2.99
1.25
3.20
2.76
2.53
3.47
2.85
3.43
2.85
4.45
3.35
1.25
3.34
6.39
3.01
2.82
2.83
2.61
2.88
3.89
1.65
1.74
2.92
3.32
1.46
3.71
2.87
3.09
2.86
4.14
2.88
2.55
2.67

3.28
2.79
1.59
2.80
2.94
3.33
2.99
3.71
3.33
3.00
3.73
3.56
3.27
3.27
3.31
3.52
3.33
3.77
3.72
3.08
1.38
5.55
1.31
3.27
2.33
3.56
3.35
3.33
3.23
3.42
3.28
3.21
1.54
3.27
3.34
1.34
1.35
2.95
2.99
4.53
4.83
3.67
3.50
3.21
1.40
1.58
3.23
1.32
3.72
1.61
3.70
1.31
4.51
2.03
3.17
1.42
3.96
3.10
3.24
2.67
3.72
1.45
2.91
1.85
2.83
1.42

3.21
3.23
1.24
4.24
4.58
5.24
2.83
5.98
4.12
1.74
3.82
3.60
3.69
3.27
3.77
3.77
3.69
3.78
2.20
3.72
1.63
3.36
2.94
3.00
3.10
3.31
3.30
1.39
3.32
3.93
3.28
2.65
3.92
3.29
3.69
3.37
3.80
5.77
2.98
3.37
3.05
3.95
3.31
3.35
3.27
3.27
4.16
3.09
3.00
7.39
2.57
2.51
3.05
3.19
1.48
3.98
3.62
3.30
3.39
1.33
3.71
1.88
4.49
1.36
4.79
4.33
3.52
1.37
1.37
1.37
3.44
1.32
3.76
3.83
4.14
3.78
3.17
3.24
5.44
1.37
3.01
1.32
2.99
3.30
3.73
13.6
1.82
3.26
3.50
3.37
3.35
3.40
4.07
3.73
3.28
2.93
1.35
1.49
4.00
3.72
3.30
4.44
3.24
3.70
3.07
1.48
3.28
3.37
1.30
3.31
3.25
3.41
10.5
4.01
2.17
1.85
3.86
3.20
3.70
3.29
7.72
4.13
1.54
3.71
2.93
2.59
5.27
3.99
1.27
3.30
3.65
3.26
4.39
7.33
3.29
4.56
5.45
2.28
3.28
4.04
3.83
3.49
3.86
8.52
3.63
5.76
4.50
4.11
3.22
6.69
3.16
6.33
2.85
3.31
2.64
2.76
2.51
1.40
2.88
3.21
1.28
3.84
2.80
1.33
1.41
