0.793
1.03
1.15
0.658
1.08
0.404
1.14
1.03
0.393
0.932
0.550
0.968
0.512
0.524
0.364
0.926
0.454
0.368
0.579
1.06
0.480
0.757
0.411
0.580
0.463
0.877
1.22
0.504
0.709
0.913
1.07
0.503
1.03
0.925
0.352
1.03
0.390
0.711
0.493
1.17
0.457
0.545
1.17
1.11
0.420
0.652
0.435
0.494
0.751
0.694
1.14
0.787
0.441
0.784
0.997
0.930
0.388
0.447
0.710
0.480
1.05
0.447
2.29
0.442
1.20
1.39
0.725
0.487
3.75
0.393
1.22
0.563
1.00
0.467
1.15
0.999
1.01
0.492
1.17
0.543
0.804
0.576
1.20
1.14
0.920
0.844
1.21
1.26
1.12
0.350
0.461
0.722
1.09
0.334
0.496
0.622
0.507
0.531
0.646
0.404
1.14
0.474
1.05
0.489
1.14
0.494
0.524
0.484
1.24
7.59
0.986
0.606
0.584
0.705
0.408
0.907
0.977
1.09
1.07
1.15
0.875
0.488
0.975
0.523
1.19
1.09
0.923
0.984
1.27
1.07
1.28
0.860
0.457
0.429
0.858
0.500
0.450
1.29
3.68
3.79
0.708
1.39
0.476
0.463
1.36
0.443
0.631
0.801
0.421
1.36
0.363
0.827
0.419
0.819
0.502
0.905
1.21
1.06
1.08
1.13
1.17
0.997
3.53
0.932
1.12
1.16
0.384
1.09
1.05
1.33
0.949
0.431
1.08
0.711
2.01
1.31
1.04
1.33
0.781
1.12
0.741
0.971
1.01
0.474
0.625
1.17
0.584
1.81
0.866
0.983
0.401
0.768
0.935
1.21
0.988
1.16
0.924
0.410
1.16
0.707
1.16
0.451
0.981
1.52
1.36
0.327
1.80
1.11
0.740
1.01
1.15
1.08
0.513
1.19
0.930
0.788
1.14
0.976
1.07
0.943
0.618
1.22
0.495
0.924
0.876
0.655
0.475
0.478
0.418
1.05
1.37
0.440
0.607
1.01
0.656
1.02
1.43
1.43
1.06
0.938
1.19
0.983
1.34
1.03
0.761
1.20
1.27
1.17
1.14
1.10
0.988
1.31
0.367
1.17
0.672
1.03
0.986
0.847
0.825
1.12
1.25
0.763
0.973
0.917
1.15
0.504
0.906
0.457
0.456
0.439
0.904
0.498
1.07
0.900
0.903
0.978
1.36
4.63
0.961
2.02
0.834
1.05
1.06
0.811
1.34
2.97
1.01
1.16
1.19
0.884
1.34
0.517
0.923
1.31
1.11
1.29
1.17
1.31
0.488
0.762
0.520
1.09
0.432
0.718
1.53
0.477
1.11
1.04
0.524
0.936
1.28
0.840
0.381
0.939
1.01
1.33
0.832
1.02
0.970
1.01
0.533
1.06
0.844
0.990
1.20
0.950
0.595
1.22
0.746
0.858
0.958
1.01
0.961
0.989
1.17
1.07
0.654
0.646
1.11
0.627
1.14
0.618
1.02
0.380
0.922
0.475
0.547
0.403
0.924
0.382
0.437
0.408
0.490
0.962
0.815
0.394
1.28
0.455
0.995
10.6
0.903
1.04
0.940
0.712
0.890
1.02
1.23
1.00
0.624
1.17
1.01
0.359
0.511
0.920
0.860
0.973
0.975
1.27
0.985
0.368
0.505
0.451
0.779
0.640
0.563
0.746
1.19
1.20
1.74
0.931
0.478
0.904
0.396
0.999
0.499
1.89
0.413
1.01
0.655
0.851
0.585
0.547
3.56
0.737
0.593
0.906
0.989
0.829
1.35
1.15
0.996
0.960
1.15
1.14
0.668
0.342
0.986
1.02
0.847
0.442
0.770
1.28
0.872
1.11
1.11
0.456
2.96
1.01
0.971
0.686
1.02
0.952
0.450
0.997
1.15
1.33
0.877
0.979
1.23
0.975
1.03
0.818
0.621
0.440
0.749
0.898
6.18
0.847
0.694
0.494
0.715
0.732
0.610
1.32
0.414
1.27
0.851
1.15
0.987
0.699
0.688
0.396
1.26
0.747
0.451
0.526
0.322
0.448
0.695
0.983
0.980
1.08
0.428
0.566
0.639
1.20
0.502
0.642
0.495
1.05
1.57
1.14
0.977
0.836
0.395
0.582
0.566
0.584
0.477
0.573
0.710
1.02
0.523
0.965
0.774
0.619
0.429
1.80
0.731
0.500
0.496
1.02
0.802
0.384
0.446
0.983
0.914
0.925
0.305
0.422
0.939
0.539
0.959
1.14
1.04
0.929
1.16
1.14
1.28
0.514
0.619
0.437
1.03
0.447
0.803
1.04
1.05
1.04
0.502
0.827
1.22
1.25
0.339
0.712
0.409
1.23
0.440
0.819
1.43
0.984
0.727
0.872
0.906
1.02
0.935
1.09
0.936
0.727
0.407
1.05
0.423
0.687
0.537
0.896
1.02
0.802
1.07
1.12
0.662
0.900
0.343
1.20
0.409
0.886
3.87
0.767
0.566
0.401
0.520
0.495
0.490
0.888
1.09
0.969
0.523
0.964
1.09
1.08
1.12
0.871
0.388
0.404
0.444
0.304
0.511
0.456
0.392
1.08
0.631
0.600
1.08
1.02
1.15
0.765
0.407
0.368
0.397
0.461
1.15
0.321
0.569
0.331
0.521
0.962
0.523
0.692
0.521
0.494
0.803
1.84
0.945
0.567
1.98
0.477
0.836
0.414
1.28
0.574
0.582
0.360
0.793
0.474
0.608
0.411
0.529
3.74
0.829
0.575
0.699
0.733
0.886
1.90
1.21
0.521
0.452
0.567
0.377
0.355
0.770
0.796
0.909
0.644
1.16
1.08
0.993
0.381
3.65
2.68
2.27
0.683
0.798
0.984
1.36
1.00
0.974
1.13
0.541
1.14
1.18
0.462
1.14
0.433
0.571
0.682
3.48
0.612
1.05
0.604
0.522
0.468
0.426
0.448
0.479
0.473
0.404
0.354
0.384
0.493
0.462
1.16
0.913
2.55
0.451
0.385
0.633
0.426
0.496
0.719
0.821
0.917
0.481
1.20
0.739
0.436
0.512
1.45
1.44
1.20
0.526
1.11
1.09
1.07
0.908
0.479
0.936
1.24
0.323
0.765
0.397
0.566
0.490
0.425
0.411
0.446
0.412
0.424
0.336
0.415
0.465
1.64
0.847
0.432
0.395
0.452
0.734
0.299
0.379
1.60
1.19
0.416
1.10
0.391
1.30
0.950
0.490
0.360
0.527
0.597
0.466
0.575
0.423
0.887
0.936
1.68
0.561
0.995
0.503
1.10
0.421
0.934
0.497
1.16
0.456
0.562
0.590
4.09
1.72
2.72
0.774
1.15
0.411
0.417
1.05
0.987
0.442
0.574
0.596
0.369
7.44
0.483
0.594
1.27
1.13
1.03
0.437
0.386
0.610
0.694
2.48
1.05
0.971
1.20
1.13
1.14
0.731
1.06
0.914
1.79
1.14
2.23
0.967
0.630
0.476
0.433
0.662
0.529
0.769
1.21
0.913
1.35
1.25
0.617
1.13
1.15
0.708
0.540
1.12
0.376
0.837
0.411
0.605
0.967
0.939
1.31
1.18
0.839
0.481
1.31
1.08
0.721
1.01
1.18
0.609
1.25
1.10
0.802
0.501
0.957
0.550
0.414
0.714
0.896
0.779
1.08
1.00
1.01
0.707
0.456
0.988
0.870
0.933
0.945
0.753
0.831
0.971
0.755
0.682
0.823
0.510
0.993
1.02
1.15
0.424
1.06
1.11
1.07
0.704
1.11
0.949
1.06
0.442
1.04
1.17
1.10
1.13
1.39
1.25
1.01
1.07
0.365
1.31
1.04
1.06
0.994
0.476
0.713
0.948
0.545
1.04
0.586
0.975
0.450
0.488
0.570
0.847
0.427
1.07
0.464
1.12
0.481
0.902
0.377
1.26
0.990
0.997
1.32
0.945
1.14
1.02
0.969
0.975
1.12
1.26
0.906
0.457
0.674
0.958
1.17
1.09
0.609
1.04
1.07
1.02
1.15
0.838
1.08
0.737
1.05
0.967
1.18
0.407
1.13
0.368
1.12
0.600
0.961
0.939
0.654
1.13
0.818
0.409
0.827
0.924
1.18
1.04
1.03
0.930
0.827
0.592
0.846
0.716
0.879
1.04
1.22
0.955
0.584
1.22
1.14
0.853
0.994
0.877
1.09
1.12
0.408
1.05
0.915
0.598
1.44
0.835
0.582
0.387
2.30
0.491
1.07
0.875
0.451
0.353
0.589
0.515
0.414
0.360
1.13
0.935
4.42
10.3
1.04
1.36
1.11
1.49
0.997
1.06
1.17
0.391
1.12
0.465
1.10
1.82
0.566
0.776
0.402
0.607
0.901
0.448
0.648
3.05
1.11
0.601
0.486
0.814
0.632
